6 5 76
9 5 88
4 5 44
9 8 168
4 7 36
7 10 168
4 6 44
9 6 116
7 4 36
8 8 96
9 7 168
8 5 80
5 8 80
7 8 144
6 7 116
8 6 112
4 8 40
7 6 116
5 5 48
6 9 116
10 9 256
8 9 168
9 9 144
8 7 144
4 10 36
7 7 96
10 10 240
5 4 44
5 7 88
9 10 256
5 9 88
8 10 188
10 6 128
7 5 88
5 6 76
6 8 112
10 4 36
8 4 40
6 6 72
10 8 188
9 4 36
10 10 240
7 9 168
10 5 100
6 4 44
10 7 168
4 9 36
6 10 128
5 10 100
4 4 24
