Distance 0, 104 : 5140.78
Dist bet 34675.2 maxdist i 29534.4 maxj 0
Distance 1, 104 : 3957.82
Dist bet 29370.3 maxdist i 25412.4 maxj 0
Distance 2, 104 : 5957.11
Dist bet 31054.5 maxdist i 25097.4 maxj 0
Distance 3, 104 : 5621.9
Dist bet 36918 maxdist i 31296.1 maxj 0
Distance 4, 104 : 3536.79
Dist bet 31669.2 maxdist i 28132.4 maxj 0
Distance 5, 104 : 3634.6
Dist bet 30335.5 maxdist i 26700.9 maxj 0
Distance 6, 104 : 4168.68
Dist bet 26275.6 maxdist i 22106.9 maxj 0
Distance 7, 104 : 3736.11
Dist bet 31264.8 maxdist i 27528.7 maxj 0
Distance 8, 104 : 3202.24
Dist bet 28075.1 maxdist i 24872.9 maxj 0
Distance 9, 104 : 4388.33
Dist bet 30393.4 maxdist i 26005.1 maxj 0
Distance 10, 104 : 7633.56
Dist bet 41639.7 maxdist i 34006.2 maxj 0
Distance 11, 104 : 6297.98
Dist bet 37665.6 maxdist i 31367.6 maxj 0
Distance 12, 104 : 6557.79
Dist bet 35831 maxdist i 29273.2 maxj 0
Distance 13, 104 : 737.462
Dist bet 25900.2 maxdist i 25162.8 maxj 0
Distance 14, 104 : 7512.89
Dist bet 41226 maxdist i 33713.1 maxj 0
Distance 15, 104 : 3021.2
Dist bet 42817.6 maxdist i 39796.4 maxj 0
Distance 16, 104 : 4323.86
Dist bet 36303.1 maxdist i 31979.3 maxj 0
Distance 17, 104 : 6669.28
Dist bet 37420.5 maxdist i 30751.2 maxj 0
Distance 18, 104 : 5514.8
Dist bet 35032.4 maxdist i 29517.6 maxj 0
Distance 19, 104 : 2386.23
Dist bet 30980.1 maxdist i 28593.9 maxj 0
Distance 20, 104 : 8528.14
Dist bet 48324.5 maxdist i 39796.4 maxj 0
Distance 21, 104 : 4405.49
Dist bet 28170 maxdist i 23764.5 maxj 0
Distance 22, 104 : 5074.09
Dist bet 30408.4 maxdist i 25334.3 maxj 0
Distance 23, 104 : 8013.96
Dist bet 34055.3 maxdist i 26041.3 maxj 0
Distance 24, 104 : 2822.69
Dist bet 25740.9 maxdist i 22918.2 maxj 0
Distance 25, 104 : 8901.37
Dist bet 37155.5 maxdist i 28254.2 maxj 0
Distance 26, 104 : 8208.75
Dist bet 37031.7 maxdist i 28823 maxj 0
Distance 27, 104 : 2315.24
Dist bet 37009.8 maxdist i 34694.5 maxj 0
Distance 28, 104 : 3152.09
Dist bet 30818.6 maxdist i 27666.5 maxj 0
Distance 29, 104 : 6305.45
Dist bet 40504.7 maxdist i 34199.2 maxj 0
Distance 30, 104 : 858.189
Dist bet 31069 maxdist i 30210.8 maxj 0
Distance 31, 104 : 8107.98
Dist bet 37387.6 maxdist i 29279.7 maxj 0
Distance 32, 104 : 5240.45
Dist bet 38240.1 maxdist i 32999.7 maxj 0
Distance 33, 104 : 5807.15
Dist bet 33698.5 maxdist i 27891.4 maxj 0
Distance 34, 104 : 8448.7
Dist bet 36834.1 maxdist i 28385.4 maxj 0
Distance 35, 104 : 5953.37
Dist bet 32148.4 maxdist i 26195 maxj 0
Distance 36, 104 : 7279.22
Dist bet 35179.1 maxdist i 27899.9 maxj 0
Distance 37, 104 : 5391.18
Dist bet 39322.6 maxdist i 33931.4 maxj 0
Distance 38, 104 : 3570.26
Dist bet 34694.8 maxdist i 31124.6 maxj 0
Distance 39, 104 : 3797.2
Dist bet 32249.1 maxdist i 28451.9 maxj 0
Distance 40, 104 : 3235.14
Dist bet 29370.9 maxdist i 26135.8 maxj 0
Distance 41, 104 : 3334.47
Dist bet 26037.5 maxdist i 22703 maxj 0
Distance 42, 104 : 3670.84
Dist bet 31640.5 maxdist i 27969.6 maxj 0
Distance 43, 104 : 515.824
Dist bet 26544.5 maxdist i 26028.7 maxj 0
Distance 44, 104 : 2033.09
Dist bet 28273.2 maxdist i 26240.1 maxj 0
Distance 45, 104 : 3925.24
Dist bet 33482.6 maxdist i 29557.4 maxj 0
Distance 46, 104 : 1642.18
Dist bet 27363.9 maxdist i 25721.7 maxj 0
Distance 47, 104 : 1317.69
Dist bet 28086.3 maxdist i 26768.6 maxj 0
Distance 48, 104 : 1973.72
Dist bet 28286.1 maxdist i 26312.3 maxj 0
Distance 49, 104 : 6348.78
Dist bet 35535.1 maxdist i 29186.3 maxj 0
Distance 50, 104 : 8303.23
Dist bet 37601.1 maxdist i 29297.9 maxj 0
Distance 51, 104 : 4930.11
Dist bet 32946.6 maxdist i 28016.5 maxj 0
Distance 52, 104 : 4520.68
Dist bet 31209.3 maxdist i 26688.7 maxj 0
Distance 53, 104 : 2969.15
Dist bet 30105.9 maxdist i 27136.7 maxj 0
Distance 54, 104 : 1805.73
Dist bet 27491.7 maxdist i 25686 maxj 0
Distance 55, 104 : 6377.43
Dist bet 37703.6 maxdist i 31326.2 maxj 0
Distance 56, 104 : 591.991
Dist bet 32146.3 maxdist i 31554.3 maxj 0
Distance 57, 104 : 4185.12
Dist bet 30468.7 maxdist i 26283.6 maxj 0
Distance 58, 104 : 5580.75
Dist bet 32209.9 maxdist i 26629.1 maxj 0
Distance 59, 104 : 7083.97
Dist bet 34470.3 maxdist i 27386.4 maxj 0
Distance 60, 104 : 2233.99
Dist bet 28468.2 maxdist i 26234.3 maxj 0
Distance 61, 104 : 1394.17
Dist bet 26130.7 maxdist i 24736.5 maxj 0
Distance 62, 104 : 5349.35
Dist bet 30625.7 maxdist i 25276.4 maxj 0
Distance 63, 104 : 4773.31
Dist bet 30126.5 maxdist i 25353.2 maxj 0
Distance 64, 104 : 1746.39
Dist bet 24993.5 maxdist i 23247.1 maxj 0
Distance 65, 104 : 9049.41
Dist bet 37483 maxdist i 28433.6 maxj 0
Distance 66, 104 : 1711.6
Dist bet 26979.7 maxdist i 25268.1 maxj 0
Distance 67, 104 : 1119.36
Dist bet 28750.5 maxdist i 27631.1 maxj 0
Distance 68, 104 : 503.977
Dist bet 28891.8 maxdist i 28387.9 maxj 0
Distance 69, 104 : 3886.08
Dist bet 28433.6 maxdist i 24547.5 maxj 0
Distance 70, 104 : 2230.74
Dist bet 30944.2 maxdist i 28713.4 maxj 0
Distance 71, 104 : 4152.3
Dist bet 32235 maxdist i 28082.7 maxj 0
Distance 72, 104 : 3572.27
Dist bet 29224.4 maxdist i 25652.2 maxj 0
Distance 73, 104 : 3551.61
Dist bet 25964.4 maxdist i 22412.8 maxj 0
Distance 74, 104 : 3485.23
Dist bet 29309.9 maxdist i 25824.7 maxj 0
Distance 75, 104 : 2581.99
Dist bet 34364.1 maxdist i 31782.1 maxj 0
Distance 76, 104 : 4774.88
Dist bet 35221.2 maxdist i 30446.3 maxj 0
Distance 77, 104 : 4660.23
Dist bet 37037.8 maxdist i 32377.6 maxj 0
Distance 78, 104 : 4611.28
Dist bet 38574.6 maxdist i 33963.3 maxj 0
Distance 79, 104 : 6035.53
Dist bet 33099.2 maxdist i 27063.6 maxj 0
Distance 80, 104 : 7443.02
Dist bet 38407.8 maxdist i 30964.8 maxj 0
Distance 81, 104 : 4204.91
Dist bet 42610.2 maxdist i 38405.3 maxj 0
Distance 82, 104 : 5484.54
Dist bet 36279.2 maxdist i 30794.6 maxj 0
Distance 83, 104 : 8284.96
Dist bet 33682.9 maxdist i 25397.9 maxj 0
Distance 84, 104 : 3026.49
Dist bet 28925.8 maxdist i 25899.3 maxj 0
Distance 85, 104 : 2232.64
Dist bet 22693.9 maxdist i 20461.3 maxj 0
Distance 86, 104 : 5147.99
Dist bet 33941 maxdist i 28793.1 maxj 0
Distance 87, 104 : 7047.94
Dist bet 37445.9 maxdist i 30397.9 maxj 0
Distance 88, 104 : 2655.94
Dist bet 32789.7 maxdist i 30133.7 maxj 0
Distance 89, 104 : 6495.17
Dist bet 37727.5 maxdist i 31232.3 maxj 0
Distance 90, 104 : 4778.03
Dist bet 33042.4 maxdist i 28264.3 maxj 0
Distance 91, 104 : 7229.45
Dist bet 41071.1 maxdist i 33841.7 maxj 0
Distance 92, 104 : 5274.31
Dist bet 37814.4 maxdist i 32540.1 maxj 0
Distance 93, 104 : 4835.47
Dist bet 29155.4 maxdist i 24319.9 maxj 0
Distance 94, 104 : 4662.16
Dist bet 30888 maxdist i 26225.9 maxj 0
Distance 95, 104 : 2997.13
Dist bet 24283.1 maxdist i 21286 maxj 0
Distance 96, 104 : 2178.24
Dist bet 27527.4 maxdist i 25349.2 maxj 0
Distance 97, 104 : 3251.01
Dist bet 28683 maxdist i 25432 maxj 0
Distance 98, 104 : 7961.59
Dist bet 37448.6 maxdist i 29487 maxj 0
Distance 99, 104 : 3770.91
Dist bet 31713.9 maxdist i 27943 maxj 0
Distance 100, 104 : 6810.09
Dist bet 35377.1 maxdist i 28567 maxj 0
Distance 101, 104 : 2377.75
Dist bet 25951.8 maxdist i 23574.1 maxj 0
Distance 102, 104 : 7182.07
Dist bet 34629.1 maxdist i 27447 maxj 0
Distance 103, 104 : 1597.48
Dist bet 25042.8 maxdist i 23445.3 maxj 0
Distance 104, 0 : 5140.78
Dist bet 34675.2 maxdist i 0 maxj 29534.4
Distance 104, 1 : 3957.82
Dist bet 29370.3 maxdist i 0 maxj 25412.4
Distance 104, 2 : 5957.11
Dist bet 31054.5 maxdist i 0 maxj 25097.4
Distance 104, 3 : 5621.9
Dist bet 36918 maxdist i 0 maxj 31296.1
Distance 104, 4 : 3536.79
Dist bet 31669.2 maxdist i 0 maxj 28132.4
Distance 104, 5 : 3634.6
Dist bet 30335.5 maxdist i 0 maxj 26700.9
Distance 104, 6 : 4168.68
Dist bet 26275.6 maxdist i 0 maxj 22106.9
Distance 104, 7 : 3736.11
Dist bet 31264.8 maxdist i 0 maxj 27528.7
Distance 104, 8 : 3202.24
Dist bet 28075.1 maxdist i 0 maxj 24872.9
Distance 104, 9 : 4388.33
Dist bet 30393.4 maxdist i 0 maxj 26005.1
Distance 104, 10 : 7633.56
Dist bet 41639.7 maxdist i 0 maxj 34006.2
Distance 104, 11 : 6297.98
Dist bet 37665.6 maxdist i 0 maxj 31367.6
Distance 104, 12 : 6557.79
Dist bet 35831 maxdist i 0 maxj 29273.2
Distance 104, 13 : 737.462
Dist bet 25900.2 maxdist i 0 maxj 25162.8
Distance 104, 14 : 7512.89
Dist bet 41226 maxdist i 0 maxj 33713.1
Distance 104, 15 : 3021.2
Dist bet 42817.6 maxdist i 0 maxj 39796.4
Distance 104, 16 : 4323.86
Dist bet 36303.1 maxdist i 0 maxj 31979.3
Distance 104, 17 : 6669.28
Dist bet 37420.5 maxdist i 0 maxj 30751.2
Distance 104, 18 : 5514.8
Dist bet 35032.4 maxdist i 0 maxj 29517.6
Distance 104, 19 : 2386.23
Dist bet 30980.1 maxdist i 0 maxj 28593.9
Distance 104, 20 : 8528.14
Dist bet 48324.5 maxdist i 0 maxj 39796.4
Distance 104, 21 : 4405.49
Dist bet 28170 maxdist i 0 maxj 23764.5
Distance 104, 22 : 5074.09
Dist bet 30408.4 maxdist i 0 maxj 25334.3
Distance 104, 23 : 8013.96
Dist bet 34055.3 maxdist i 0 maxj 26041.3
Distance 104, 24 : 2822.69
Dist bet 25740.9 maxdist i 0 maxj 22918.2
Distance 104, 25 : 8901.37
Dist bet 37155.5 maxdist i 0 maxj 28254.2
Distance 104, 26 : 8208.75
Dist bet 37031.7 maxdist i 0 maxj 28823
Distance 104, 27 : 2315.24
Dist bet 37009.8 maxdist i 0 maxj 34694.5
Distance 104, 28 : 3152.09
Dist bet 30818.6 maxdist i 0 maxj 27666.5
Distance 104, 29 : 6305.45
Dist bet 40504.7 maxdist i 0 maxj 34199.2
Distance 104, 30 : 858.189
Dist bet 31069 maxdist i 0 maxj 30210.8
Distance 104, 31 : 8107.98
Dist bet 37387.6 maxdist i 0 maxj 29279.7
Distance 104, 32 : 5240.45
Dist bet 38240.1 maxdist i 0 maxj 32999.7
Distance 104, 33 : 5807.15
Dist bet 33698.5 maxdist i 0 maxj 27891.4
Distance 104, 34 : 8448.7
Dist bet 36834.1 maxdist i 0 maxj 28385.4
Distance 104, 35 : 5953.37
Dist bet 32148.4 maxdist i 0 maxj 26195
Distance 104, 36 : 7279.22
Dist bet 35179.1 maxdist i 0 maxj 27899.9
Distance 104, 37 : 5391.18
Dist bet 39322.6 maxdist i 0 maxj 33931.4
Distance 104, 38 : 3570.26
Dist bet 34694.8 maxdist i 0 maxj 31124.6
Distance 104, 39 : 3797.2
Dist bet 32249.1 maxdist i 0 maxj 28451.9
Distance 104, 40 : 3235.14
Dist bet 29370.9 maxdist i 0 maxj 26135.8
Distance 104, 41 : 3334.47
Dist bet 26037.5 maxdist i 0 maxj 22703
Distance 104, 42 : 3670.84
Dist bet 31640.5 maxdist i 0 maxj 27969.6
Distance 104, 43 : 515.824
Dist bet 26544.5 maxdist i 0 maxj 26028.7
Distance 104, 44 : 2033.09
Dist bet 28273.2 maxdist i 0 maxj 26240.1
Distance 104, 45 : 3925.24
Dist bet 33482.6 maxdist i 0 maxj 29557.4
Distance 104, 46 : 1642.18
Dist bet 27363.9 maxdist i 0 maxj 25721.7
Distance 104, 47 : 1317.69
Dist bet 28086.3 maxdist i 0 maxj 26768.6
Distance 104, 48 : 1973.72
Dist bet 28286.1 maxdist i 0 maxj 26312.3
Distance 104, 49 : 6348.78
Dist bet 35535.1 maxdist i 0 maxj 29186.3
Distance 104, 50 : 8303.23
Dist bet 37601.1 maxdist i 0 maxj 29297.9
Distance 104, 51 : 4930.11
Dist bet 32946.6 maxdist i 0 maxj 28016.5
Distance 104, 52 : 4520.68
Dist bet 31209.3 maxdist i 0 maxj 26688.7
Distance 104, 53 : 2969.15
Dist bet 30105.9 maxdist i 0 maxj 27136.7
Distance 104, 54 : 1805.73
Dist bet 27491.7 maxdist i 0 maxj 25686
Distance 104, 55 : 6377.43
Dist bet 37703.6 maxdist i 0 maxj 31326.2
Distance 104, 56 : 591.991
Dist bet 32146.3 maxdist i 0 maxj 31554.3
Distance 104, 57 : 4185.12
Dist bet 30468.7 maxdist i 0 maxj 26283.6
Distance 104, 58 : 5580.75
Dist bet 32209.9 maxdist i 0 maxj 26629.1
Distance 104, 59 : 7083.97
Dist bet 34470.3 maxdist i 0 maxj 27386.4
Distance 104, 60 : 2233.99
Dist bet 28468.2 maxdist i 0 maxj 26234.3
Distance 104, 61 : 1394.17
Dist bet 26130.7 maxdist i 0 maxj 24736.5
Distance 104, 62 : 5349.35
Dist bet 30625.7 maxdist i 0 maxj 25276.4
Distance 104, 63 : 4773.31
Dist bet 30126.5 maxdist i 0 maxj 25353.2
Distance 104, 64 : 1746.39
Dist bet 24993.5 maxdist i 0 maxj 23247.1
Distance 104, 65 : 9049.41
Dist bet 37483 maxdist i 0 maxj 28433.6
Distance 104, 66 : 1711.6
Dist bet 26979.7 maxdist i 0 maxj 25268.1
Distance 104, 67 : 1119.36
Dist bet 28750.5 maxdist i 0 maxj 27631.1
Distance 104, 68 : 503.977
Dist bet 28891.8 maxdist i 0 maxj 28387.9
Distance 104, 69 : 3886.08
Dist bet 28433.6 maxdist i 0 maxj 24547.5
Distance 104, 70 : 2230.74
Dist bet 30944.2 maxdist i 0 maxj 28713.4
Distance 104, 71 : 4152.3
Dist bet 32235 maxdist i 0 maxj 28082.7
Distance 104, 72 : 3572.27
Dist bet 29224.4 maxdist i 0 maxj 25652.2
Distance 104, 73 : 3551.61
Dist bet 25964.4 maxdist i 0 maxj 22412.8
Distance 104, 74 : 3485.23
Dist bet 29309.9 maxdist i 0 maxj 25824.7
Distance 104, 75 : 2581.99
Dist bet 34364.1 maxdist i 0 maxj 31782.1
Distance 104, 76 : 4774.88
Dist bet 35221.2 maxdist i 0 maxj 30446.3
Distance 104, 77 : 4660.23
Dist bet 37037.8 maxdist i 0 maxj 32377.6
Distance 104, 78 : 4611.28
Dist bet 38574.6 maxdist i 0 maxj 33963.3
Distance 104, 79 : 6035.53
Dist bet 33099.2 maxdist i 0 maxj 27063.6
Distance 104, 80 : 7443.02
Dist bet 38407.8 maxdist i 0 maxj 30964.8
Distance 104, 81 : 4204.91
Dist bet 42610.2 maxdist i 0 maxj 38405.3
Distance 104, 82 : 5484.54
Dist bet 36279.2 maxdist i 0 maxj 30794.6
Distance 104, 83 : 8284.96
Dist bet 33682.9 maxdist i 0 maxj 25397.9
Distance 104, 84 : 3026.49
Dist bet 28925.8 maxdist i 0 maxj 25899.3
Distance 104, 85 : 2232.64
Dist bet 22693.9 maxdist i 0 maxj 20461.3
Distance 104, 86 : 5147.99
Dist bet 33941 maxdist i 0 maxj 28793.1
Distance 104, 87 : 7047.94
Dist bet 37445.9 maxdist i 0 maxj 30397.9
Distance 104, 88 : 2655.94
Dist bet 32789.7 maxdist i 0 maxj 30133.7
Distance 104, 89 : 6495.17
Dist bet 37727.5 maxdist i 0 maxj 31232.3
Distance 104, 90 : 4778.03
Dist bet 33042.4 maxdist i 0 maxj 28264.3
Distance 104, 91 : 7229.45
Dist bet 41071.1 maxdist i 0 maxj 33841.7
Distance 104, 92 : 5274.31
Dist bet 37814.4 maxdist i 0 maxj 32540.1
Distance 104, 93 : 4835.47
Dist bet 29155.4 maxdist i 0 maxj 24319.9
Distance 104, 94 : 4662.16
Dist bet 30888 maxdist i 0 maxj 26225.9
Distance 104, 95 : 2997.13
Dist bet 24283.1 maxdist i 0 maxj 21286
Distance 104, 96 : 2178.24
Dist bet 27527.4 maxdist i 0 maxj 25349.2
Distance 104, 97 : 3251.01
Dist bet 28683 maxdist i 0 maxj 25432
Distance 104, 98 : 7961.59
Dist bet 37448.6 maxdist i 0 maxj 29487
Distance 104, 99 : 3770.91
Dist bet 31713.9 maxdist i 0 maxj 27943
Distance 104, 100 : 6810.09
Dist bet 35377.1 maxdist i 0 maxj 28567
Distance 104, 101 : 2377.75
Dist bet 25951.8 maxdist i 0 maxj 23574.1
Distance 104, 102 : 7182.07
Dist bet 34629.1 maxdist i 0 maxj 27447
Distance 104, 103 : 1597.48
Dist bet 25042.8 maxdist i 0 maxj 23445.3
Distance 104, 105 : 5951.66
Dist bet 39309 maxdist i 0 maxj 33357.4
Distance 104, 106 : 4285.44
Dist bet 33736.4 maxdist i 0 maxj 29450.9
Distance 104, 107 : 2419.34
Dist bet 28105.6 maxdist i 0 maxj 25686.3
Distance 104, 108 : 7169.36
Dist bet 32495.2 maxdist i 0 maxj 25325.8
Distance 104, 109 : 774.092
Dist bet 29410.5 maxdist i 0 maxj 28636.4
Distance 104, 110 : 2151.1
Dist bet 25175.5 maxdist i 0 maxj 23024.4
Distance 104, 111 : 4105.94
Dist bet 30967.2 maxdist i 0 maxj 26861.3
Distance 104, 112 : 7162.39
Dist bet 41584.9 maxdist i 0 maxj 34422.5
Distance 104, 113 : 4041.14
Dist bet 30746.8 maxdist i 0 maxj 26705.7
Distance 104, 114 : 2178.76
Dist bet 23662.9 maxdist i 0 maxj 21484.1
Distance 104, 115 : 6518.13
Dist bet 39035 maxdist i 0 maxj 32516.8
Distance 104, 116 : 3125.52
Dist bet 28736.9 maxdist i 0 maxj 25611.4
Distance 104, 117 : 4983.53
Dist bet 31681.2 maxdist i 0 maxj 26697.7
Distance 104, 118 : 8194.45
Dist bet 35903.5 maxdist i 0 maxj 27709.1
Distance 104, 119 : 3978.1
Dist bet 35547.3 maxdist i 0 maxj 31569.2
Distance 104, 120 : 5004
Dist bet 40058.1 maxdist i 0 maxj 35054.1
Distance 104, 121 : 2078.03
Dist bet 30135.3 maxdist i 0 maxj 28057.3
Distance 104, 122 : 3501.9
Dist bet 32352.3 maxdist i 0 maxj 28850.4
Distance 104, 123 : 1710.61
Dist bet 27072.6 maxdist i 0 maxj 25362
Distance 104, 124 : 5460.91
Dist bet 35960.7 maxdist i 0 maxj 30499.8
Distance 104, 125 : 5875.64
Dist bet 32349.1 maxdist i 0 maxj 26473.5
Distance 104, 126 : 2603.4
Dist bet 29098.2 maxdist i 0 maxj 26494.8
Distance 104, 127 : 7196.73
Dist bet 34845.6 maxdist i 0 maxj 27648.9
Distance 104, 128 : 8112.48
Dist bet 37741.1 maxdist i 0 maxj 29628.6
Distance 104, 129 : 3795.88
Dist bet 26948.9 maxdist i 0 maxj 23153
Distance 104, 130 : 7063.03
Dist bet 32173.9 maxdist i 0 maxj 25110.9
Distance 104, 131 : 6798.64
Dist bet 34262.7 maxdist i 0 maxj 27464.1
Distance 104, 132 : 4564.11
Dist bet 34996 maxdist i 0 maxj 30431.9
Distance 104, 133 : 4892.96
Dist bet 36800.3 maxdist i 0 maxj 31907.3
Distance 104, 134 : 4602.01
Dist bet 35095.6 maxdist i 0 maxj 30493.6
Distance 104, 135 : 3586.76
Dist bet 27479 maxdist i 0 maxj 23892.3
Distance 104, 136 : 1992.35
Dist bet 26745.8 maxdist i 0 maxj 24753.4
Distance 104, 137 : 2560.32
Dist bet 29446.8 maxdist i 0 maxj 26886.5
Distance 104, 138 : 5759.12
Dist bet 34015.4 maxdist i 0 maxj 28256.3
Distance 104, 139 : 264.047
Dist bet 28217.6 maxdist i 0 maxj 27953.5
Distance 104, 140 : 4871.46
Dist bet 34371.1 maxdist i 0 maxj 29499.7
Distance 104, 141 : 3830.7
Dist bet 27014.8 maxdist i 0 maxj 23184.1
Distance 104, 142 : 7301.76
Dist bet 35897.8 maxdist i 0 maxj 28596.1
Distance 104, 143 : 2059.68
Dist bet 26354.6 maxdist i 0 maxj 24294.9
Distance 104, 144 : 3356.26
Dist bet 28046.3 maxdist i 0 maxj 24690
Distance 104, 145 : 2605.44
Dist bet 29811.1 maxdist i 0 maxj 27205.6
Distance 104, 146 : 4587.42
Dist bet 36038.5 maxdist i 0 maxj 31451.1
Distance 104, 147 : 3166.58
Dist bet 31100.5 maxdist i 0 maxj 27933.9
Distance 104, 148 : 6072.33
Dist bet 30970.5 maxdist i 0 maxj 24898.2
Distance 104, 149 : 5553.81
Dist bet 32531 maxdist i 0 maxj 26977.1
Distance 105, 104 : 5951.66
Dist bet 39309 maxdist i 33357.4 maxj 0
Distance 106, 104 : 4285.44
Dist bet 33736.4 maxdist i 29450.9 maxj 0
Distance 107, 104 : 2419.34
Dist bet 28105.6 maxdist i 25686.3 maxj 0
Distance 108, 104 : 7169.36
Dist bet 32495.2 maxdist i 25325.8 maxj 0
Distance 109, 104 : 774.092
Dist bet 29410.5 maxdist i 28636.4 maxj 0
Distance 110, 104 : 2151.1
Dist bet 25175.5 maxdist i 23024.4 maxj 0
Distance 111, 104 : 4105.94
Dist bet 30967.2 maxdist i 26861.3 maxj 0
Distance 112, 104 : 7162.39
Dist bet 41584.9 maxdist i 34422.5 maxj 0
Distance 113, 104 : 4041.14
Dist bet 30746.8 maxdist i 26705.7 maxj 0
Distance 114, 104 : 2178.76
Dist bet 23662.9 maxdist i 21484.1 maxj 0
Distance 115, 104 : 6518.13
Dist bet 39035 maxdist i 32516.8 maxj 0
Distance 116, 104 : 3125.52
Dist bet 28736.9 maxdist i 25611.4 maxj 0
Distance 117, 104 : 4983.53
Dist bet 31681.2 maxdist i 26697.7 maxj 0
Distance 118, 104 : 8194.45
Dist bet 35903.5 maxdist i 27709.1 maxj 0
Distance 119, 104 : 3978.1
Dist bet 35547.3 maxdist i 31569.2 maxj 0
Distance 120, 104 : 5004
Dist bet 40058.1 maxdist i 35054.1 maxj 0
Distance 121, 104 : 2078.03
Dist bet 30135.3 maxdist i 28057.3 maxj 0
Distance 122, 104 : 3501.9
Dist bet 32352.3 maxdist i 28850.4 maxj 0
Distance 123, 104 : 1710.61
Dist bet 27072.6 maxdist i 25362 maxj 0
Distance 124, 104 : 5460.91
Dist bet 35960.7 maxdist i 30499.8 maxj 0
Distance 125, 104 : 5875.64
Dist bet 32349.1 maxdist i 26473.5 maxj 0
Distance 126, 104 : 2603.4
Dist bet 29098.2 maxdist i 26494.8 maxj 0
Distance 127, 104 : 7196.73
Dist bet 34845.6 maxdist i 27648.9 maxj 0
Distance 128, 104 : 8112.48
Dist bet 37741.1 maxdist i 29628.6 maxj 0
Distance 129, 104 : 3795.88
Dist bet 26948.9 maxdist i 23153 maxj 0
Distance 130, 104 : 7063.03
Dist bet 32173.9 maxdist i 25110.9 maxj 0
Distance 131, 104 : 6798.64
Dist bet 34262.7 maxdist i 27464.1 maxj 0
Distance 132, 104 : 4564.11
Dist bet 34996 maxdist i 30431.9 maxj 0
Distance 133, 104 : 4892.96
Dist bet 36800.3 maxdist i 31907.3 maxj 0
Distance 134, 104 : 4602.01
Dist bet 35095.6 maxdist i 30493.6 maxj 0
Distance 135, 104 : 3586.76
Dist bet 27479 maxdist i 23892.3 maxj 0
Distance 136, 104 : 1992.35
Dist bet 26745.8 maxdist i 24753.4 maxj 0
Distance 137, 104 : 2560.32
Dist bet 29446.8 maxdist i 26886.5 maxj 0
Distance 138, 104 : 5759.12
Dist bet 34015.4 maxdist i 28256.3 maxj 0
Distance 139, 104 : 264.047
Dist bet 28217.6 maxdist i 27953.5 maxj 0
Distance 140, 104 : 4871.46
Dist bet 34371.1 maxdist i 29499.7 maxj 0
Distance 141, 104 : 3830.7
Dist bet 27014.8 maxdist i 23184.1 maxj 0
Distance 142, 104 : 7301.76
Dist bet 35897.8 maxdist i 28596.1 maxj 0
Distance 143, 104 : 2059.68
Dist bet 26354.6 maxdist i 24294.9 maxj 0
Distance 144, 104 : 3356.26
Dist bet 28046.3 maxdist i 24690 maxj 0
Distance 145, 104 : 2605.44
Dist bet 29811.1 maxdist i 27205.6 maxj 0
Distance 146, 104 : 4587.42
Dist bet 36038.5 maxdist i 31451.1 maxj 0
Distance 147, 104 : 3166.58
Dist bet 31100.5 maxdist i 27933.9 maxj 0
Distance 148, 104 : 6072.33
Dist bet 30970.5 maxdist i 24898.2 maxj 0
Distance 149, 104 : 5553.81
Dist bet 32531 maxdist i 26977.1 maxj 0
Max distance node = 0 = 29534.4
Max distance node = 1 = 25412.4
Max distance node = 2 = 25097.4
Max distance node = 3 = 31296.1
Max distance node = 4 = 28132.4
Max distance node = 5 = 26700.9
Max distance node = 6 = 22106.9
Max distance node = 7 = 27528.7
Max distance node = 8 = 24872.9
Max distance node = 9 = 26005.1
Max distance node = 10 = 34006.2
Max distance node = 11 = 31367.6
Max distance node = 12 = 29273.2
Max distance node = 13 = 25162.8
Max distance node = 14 = 33713.1
Max distance node = 15 = 39796.4
Max distance node = 16 = 31979.3
Max distance node = 17 = 30751.2
Max distance node = 18 = 29517.6
Max distance node = 19 = 28593.9
Max distance node = 20 = 39796.4
Max distance node = 21 = 23764.5
Max distance node = 22 = 25334.3
Max distance node = 23 = 26041.3
Max distance node = 24 = 22918.2
Max distance node = 25 = 28254.2
Max distance node = 26 = 28823
Max distance node = 27 = 34694.5
Max distance node = 28 = 27666.5
Max distance node = 29 = 34199.2
Max distance node = 30 = 30210.8
Max distance node = 31 = 29279.7
Max distance node = 32 = 32999.7
Max distance node = 33 = 27891.4
Max distance node = 34 = 28385.4
Max distance node = 35 = 26195
Max distance node = 36 = 27899.9
Max distance node = 37 = 33931.4
Max distance node = 38 = 31124.6
Max distance node = 39 = 28451.9
Max distance node = 40 = 26135.8
Max distance node = 41 = 22703
Max distance node = 42 = 27969.6
Max distance node = 43 = 26028.7
Max distance node = 44 = 26240.1
Max distance node = 45 = 29557.4
Max distance node = 46 = 25721.7
Max distance node = 47 = 26768.6
Max distance node = 48 = 26312.3
Max distance node = 49 = 29186.3
Max distance node = 50 = 29297.9
Max distance node = 51 = 28016.5
Max distance node = 52 = 26688.7
Max distance node = 53 = 27136.7
Max distance node = 54 = 25686
Max distance node = 55 = 31326.2
Max distance node = 56 = 31554.3
Max distance node = 57 = 26283.6
Max distance node = 58 = 26629.1
Max distance node = 59 = 27386.4
Max distance node = 60 = 26234.3
Max distance node = 61 = 24736.5
Max distance node = 62 = 25276.4
Max distance node = 63 = 25353.2
Max distance node = 64 = 23247.1
Max distance node = 65 = 28433.6
Max distance node = 66 = 25268.1
Max distance node = 67 = 27631.1
Max distance node = 68 = 28387.9
Max distance node = 69 = 24547.5
Max distance node = 70 = 28713.4
Max distance node = 71 = 28082.7
Max distance node = 72 = 25652.2
Max distance node = 73 = 22412.8
Max distance node = 74 = 25824.7
Max distance node = 75 = 31782.1
Max distance node = 76 = 30446.3
Max distance node = 77 = 32377.6
Max distance node = 78 = 33963.3
Max distance node = 79 = 27063.6
Max distance node = 80 = 30964.8
Max distance node = 81 = 38405.3
Max distance node = 82 = 30794.6
Max distance node = 83 = 25397.9
Max distance node = 84 = 25899.3
Max distance node = 85 = 20461.3
Max distance node = 86 = 28793.1
Max distance node = 87 = 30397.9
Max distance node = 88 = 30133.7
Max distance node = 89 = 31232.3
Max distance node = 90 = 28264.3
Max distance node = 91 = 33841.7
Max distance node = 92 = 32540.1
Max distance node = 93 = 24319.9
Max distance node = 94 = 26225.9
Max distance node = 95 = 21286
Max distance node = 96 = 25349.2
Max distance node = 97 = 25432
Max distance node = 98 = 29487
Max distance node = 99 = 27943
Max distance node = 100 = 28567
Max distance node = 101 = 23574.1
Max distance node = 102 = 27447
Max distance node = 103 = 23445.3
Max distance node = 104 = 0
Max distance node = 105 = 33357.4
Max distance node = 106 = 29450.9
Max distance node = 107 = 25686.3
Max distance node = 108 = 25325.8
Max distance node = 109 = 28636.4
Max distance node = 110 = 23024.4
Max distance node = 111 = 26861.3
Max distance node = 112 = 34422.5
Max distance node = 113 = 26705.7
Max distance node = 114 = 21484.1
Max distance node = 115 = 32516.8
Max distance node = 116 = 25611.4
Max distance node = 117 = 26697.7
Max distance node = 118 = 27709.1
Max distance node = 119 = 31569.2
Max distance node = 120 = 35054.1
Max distance node = 121 = 28057.3
Max distance node = 122 = 28850.4
Max distance node = 123 = 25362
Max distance node = 124 = 30499.8
Max distance node = 125 = 26473.5
Max distance node = 126 = 26494.8
Max distance node = 127 = 27648.9
Max distance node = 128 = 29628.6
Max distance node = 129 = 23153
Max distance node = 130 = 25110.9
Max distance node = 131 = 27464.1
Max distance node = 132 = 30431.9
Max distance node = 133 = 31907.3
Max distance node = 134 = 30493.6
Max distance node = 135 = 23892.3
Max distance node = 136 = 24753.4
Max distance node = 137 = 26886.5
Max distance node = 138 = 28256.3
Max distance node = 139 = 27953.5
Max distance node = 140 = 29499.7
Max distance node = 141 = 23184.1
Max distance node = 142 = 28596.1
Max distance node = 143 = 24294.9
Max distance node = 144 = 24690
Max distance node = 145 = 27205.6
Max distance node = 146 = 31451.1
Max distance node = 147 = 27933.9
Max distance node = 148 = 24898.2
Max distance node = 149 = 26977.1
