100
4206 23
0.25 0.25 0.25 0.25
0.25 0.25 0.25 0.25
0.25 0.25 0.25 0.25
0.25 0.25 0.25 0.25
0.25 0.25 0.25 0.25
0.25 0.25 0.25 0.25
0.25 0.25 0.25 0.25
0.25 0.25 0.25 0.25
0.25 0.25 0.25 0.25
0.25 0.25 0.25 0.25
0.25 0.25 0.25 0.25
0.25 0.25 0.25 0.25
0.25 0.25 0.25 0.25
0.25 0.25 0.25 0.25
0.25 0.25 0.25 0.25
0.25 0.25 0.25 0.25
0.25 0.25 0.25 0.25
0.25 0.25 0.25 0.25
0.25 0.25 0.25 0.25
0.25 0.25 0.25 0.25
0.25 0.25 0.25 0.25
0.25 0.25 0.25 0.25
0.25 0.25 0.25 0.25
5113 13
1.0 0.0 0.0 0.0
0.302125 0.176715 0.086989 0.434171
0.033394 0.0 0.966606 0.0
0.0 0.477009 0.522991 0.0
0.260492 0.0 0.604817 0.134691
0.194973 0.014041 0.534658 0.256328
0.0 0.280296 0.0 0.719704
0.0 0.0 1.0 0.0
0.175156 0.156691 0.26933 0.398823
0.0 0.0 1.0 0.0
0.0 0.0 0.0 1.0
0.001142 0.492435 0.506423 0.0
0.0 0.0 1.0 0.0
3253 8
0.25 0.25 0.25 0.25
0.25 0.25 0.25 0.25
0.25 0.25 0.25 0.25
0.25 0.25 0.25 0.25
0.25 0.25 0.25 0.25
0.25 0.25 0.25 0.25
0.25 0.25 0.25 0.25
0.25 0.25 0.25 0.25
2325 6
0.25 0.25 0.25 0.25
0.25 0.25 0.25 0.25
0.25 0.25 0.25 0.25
0.25 0.25 0.25 0.25
0.25 0.25 0.25 0.25
0.25 0.25 0.25 0.25
9676 25
0.0 1.0 0.0 0.0
0.0 0.0 0.0 1.0
1.0 0.0 0.0 0.0
0.0 1.0 0.0 0.0
0.0 0.0 0.0 1.0
0.0 0.275634 0.188372 0.535994
0.0 0.0 0.0 1.0
0.0 0.0 0.0 1.0
1.0 0.0 0.0 0.0
0.0 1.0 0.0 0.0
0.0 0.150515 0.0 0.849485
0.0 0.0 0.0 1.0
0.0 1.0 0.0 0.0
0.104962 0.305237 0.589801 0.0
0.0 0.949764 0.0 0.050236
0.129132 0.0 0.420305 0.450563
0.003743 0.079316 0.660245 0.256696
0.0 1.0 0.0 0.0
0.710953 0.206675 0.0 0.082372
0.0 1.0 0.0 0.0
0.369853 0.126339 0.017364 0.486444
1.0 0.0 0.0 0.0
1.0 0.0 0.0 0.0
1.0 0.0 0.0 0.0
0.0 1.0 0.0 0.0
7315 8
0.25 0.25 0.25 0.25
0.25 0.25 0.25 0.25
0.25 0.25 0.25 0.25
0.25 0.25 0.25 0.25
0.25 0.25 0.25 0.25
0.25 0.25 0.25 0.25
0.25 0.25 0.25 0.25
0.25 0.25 0.25 0.25
2205 24
0.0 0.0 1.0 0.0
0.0 0.0 0.0 1.0
0.323319 0.180317 0.496364 0.0
0.0 1.0 0.0 0.0
0.0 0.0 1.0 0.0
0.0 1.0 0.0 0.0
0.0 1.0 0.0 0.0
0.0 0.0 1.0 0.0
1.0 0.0 0.0 0.0
0.039378 0.061543 0.899079 0.0
0.0 0.0 0.0 1.0
0.62968 0.011765 0.1592 0.199355
0.0 0.0 0.0 1.0
0.0 0.0 1.0 0.0
0.0 0.0 1.0 0.0
0.0 1.0 0.0 0.0
0.0 0.0 1.0 0.0
0.161674 0.731598 0.106728 0.0
0.245842 0.169424 0.503216 0.081518
1.0 0.0 0.0 0.0
1.0 0.0 0.0 0.0
0.0 0.0 0.0 1.0
0.966548 0.0 0.033452 0.0
0.0 0.0 0.0 1.0
6763 26
0.378648 0.258751 0.0 0.362601
0.0 0.0 1.0 0.0
0.124577 0.875423 0.0 0.0
1.0 0.0 0.0 0.0
0.0 0.0 1.0 0.0
0.431849 0.153745 0.0 0.414406
0.402267 0.299562 0.0 0.298171
0.0 0.0 0.581774 0.418226
0.0 0.0 1.0 0.0
0.0 0.0 1.0 0.0
0.0 0.0 1.0 0.0
1.0 0.0 0.0 0.0
1.0 0.0 0.0 0.0
0.0 0.0 0.0 1.0
0.0 1.0 0.0 0.0
1.0 0.0 0.0 0.0
0.0 1.0 0.0 0.0
0.0 0.337805 0.662195 0.0
0.0 0.0 0.0 1.0
1.0 0.0 0.0 0.0
0.0 1.0 0.0 0.0
0.0 0.953221 0.046779 0.0
0.0 0.0 0.0 1.0
0.554648 0.0 0.445352 0.0
0.0 0.0 1.0 0.0
0.0 0.740774 0.0 0.259226
5276 15
0.822731 0.177269 0.0 0.0
0.0 0.471655 0.0 0.528345
1.0 0.0 0.0 0.0
0.0 1.0 0.0 0.0
0.530362 0.350735 0.021119 0.097784
0.126347 0.0 0.0 0.873653
1.0 0.0 0.0 0.0
0.0 0.0 0.0 1.0
0.0 0.0 1.0 0.0
0.021485 0.279982 0.0 0.698533
0.146062 0.296516 0.10018 0.457242
1.0 0.0 0.0 0.0
0.193368 0.178265 0.081345 0.547022
0.0 1.0 0.0 0.0
1.0 0.0 0.0 0.0
1335 26
0.25 0.25 0.25 0.25
0.25 0.25 0.25 0.25
0.25 0.25 0.25 0.25
0.25 0.25 0.25 0.25
0.25 0.25 0.25 0.25
0.25 0.25 0.25 0.25
0.25 0.25 0.25 0.25
0.25 0.25 0.25 0.25
0.25 0.25 0.25 0.25
0.25 0.25 0.25 0.25
0.25 0.25 0.25 0.25
0.25 0.25 0.25 0.25
0.25 0.25 0.25 0.25
0.25 0.25 0.25 0.25
0.25 0.25 0.25 0.25
0.25 0.25 0.25 0.25
0.25 0.25 0.25 0.25
0.25 0.25 0.25 0.25
0.25 0.25 0.25 0.25
0.25 0.25 0.25 0.25
0.25 0.25 0.25 0.25
0.25 0.25 0.25 0.25
0.25 0.25 0.25 0.25
0.25 0.25 0.25 0.25
0.25 0.25 0.25 0.25
0.25 0.25 0.25 0.25
3471 20
0.25 0.25 0.25 0.25
0.25 0.25 0.25 0.25
0.25 0.25 0.25 0.25
0.25 0.25 0.25 0.25
0.25 0.25 0.25 0.25
0.25 0.25 0.25 0.25
0.25 0.25 0.25 0.25
0.25 0.25 0.25 0.25
0.25 0.25 0.25 0.25
0.25 0.25 0.25 0.25
0.25 0.25 0.25 0.25
0.25 0.25 0.25 0.25
0.25 0.25 0.25 0.25
0.25 0.25 0.25 0.25
0.25 0.25 0.25 0.25
0.25 0.25 0.25 0.25
0.25 0.25 0.25 0.25
0.25 0.25 0.25 0.25
0.25 0.25 0.25 0.25
0.25 0.25 0.25 0.25
186 9
0.25 0.25 0.25 0.25
0.25 0.25 0.25 0.25
0.25 0.25 0.25 0.25
0.25 0.25 0.25 0.25
0.25 0.25 0.25 0.25
0.25 0.25 0.25 0.25
0.25 0.25 0.25 0.25
0.25 0.25 0.25 0.25
0.25 0.25 0.25 0.25
6810 17
0.0 0.0 1.0 0.0
0.0 0.0 0.0 1.0
1.0 0.0 0.0 0.0
0.0 1.0 0.0 0.0
0.0 0.0 1.0 0.0
0.0 0.018086 0.28953 0.692384
0.0 0.0 0.0 1.0
0.0 0.0 1.0 0.0
0.451516 0.101384 0.153693 0.293407
0.521936 0.19145 0.048256 0.238358
1.0 0.0 0.0 0.0
0.47695 0.070862 0.343464 0.108724
0.0 0.596831 0.074649 0.32852
0.315321 0.0994 0.0 0.585279
0.0 0.0 0.0 1.0
0.0 0.0 0.0 1.0
1.0 0.0 0.0 0.0
8409 15
0.25 0.25 0.25 0.25
0.25 0.25 0.25 0.25
0.25 0.25 0.25 0.25
0.25 0.25 0.25 0.25
0.25 0.25 0.25 0.25
0.25 0.25 0.25 0.25
0.25 0.25 0.25 0.25
0.25 0.25 0.25 0.25
0.25 0.25 0.25 0.25
0.25 0.25 0.25 0.25
0.25 0.25 0.25 0.25
0.25 0.25 0.25 0.25
0.25 0.25 0.25 0.25
0.25 0.25 0.25 0.25
0.25 0.25 0.25 0.25
4791 11
0.25 0.25 0.25 0.25
0.25 0.25 0.25 0.25
0.25 0.25 0.25 0.25
0.25 0.25 0.25 0.25
0.25 0.25 0.25 0.25
0.25 0.25 0.25 0.25
0.25 0.25 0.25 0.25
0.25 0.25 0.25 0.25
0.25 0.25 0.25 0.25
0.25 0.25 0.25 0.25
0.25 0.25 0.25 0.25
3020 13
0.25 0.25 0.25 0.25
0.25 0.25 0.25 0.25
0.25 0.25 0.25 0.25
0.25 0.25 0.25 0.25
0.25 0.25 0.25 0.25
0.25 0.25 0.25 0.25
0.25 0.25 0.25 0.25
0.25 0.25 0.25 0.25
0.25 0.25 0.25 0.25
0.25 0.25 0.25 0.25
0.25 0.25 0.25 0.25
0.25 0.25 0.25 0.25
0.25 0.25 0.25 0.25
9197 27
0.25 0.25 0.25 0.25
0.25 0.25 0.25 0.25
0.25 0.25 0.25 0.25
0.25 0.25 0.25 0.25
0.25 0.25 0.25 0.25
0.25 0.25 0.25 0.25
0.25 0.25 0.25 0.25
0.25 0.25 0.25 0.25
0.25 0.25 0.25 0.25
0.25 0.25 0.25 0.25
0.25 0.25 0.25 0.25
0.25 0.25 0.25 0.25
0.25 0.25 0.25 0.25
0.25 0.25 0.25 0.25
0.25 0.25 0.25 0.25
0.25 0.25 0.25 0.25
0.25 0.25 0.25 0.25
0.25 0.25 0.25 0.25
0.25 0.25 0.25 0.25
0.25 0.25 0.25 0.25
0.25 0.25 0.25 0.25
0.25 0.25 0.25 0.25
0.25 0.25 0.25 0.25
0.25 0.25 0.25 0.25
0.25 0.25 0.25 0.25
0.25 0.25 0.25 0.25
0.25 0.25 0.25 0.25
9746 12
0.25 0.25 0.25 0.25
0.25 0.25 0.25 0.25
0.25 0.25 0.25 0.25
0.25 0.25 0.25 0.25
0.25 0.25 0.25 0.25
0.25 0.25 0.25 0.25
0.25 0.25 0.25 0.25
0.25 0.25 0.25 0.25
0.25 0.25 0.25 0.25
0.25 0.25 0.25 0.25
0.25 0.25 0.25 0.25
0.25 0.25 0.25 0.25
2 2
0.25 0.25 0.25 0.25
0.25 0.25 0.25 0.25
1 2
0.25 0.25 0.25 0.25
0.25 0.25 0.25 0.25
10000 12
0.09627 0.488618 0.320698 0.094414
0.054707 0.368331 0.011541 0.565421
0.136422 0.294663 0.063857 0.505058
0.201006 0.451611 0.09699 0.250393
0.32308 0.11891 0.278967 0.279043
0.052039 0.042101 0.74073 0.16513
0.146354 0.051616 0.784106 0.017924
0.453609 0.16836 0.151334 0.226697
0.0057 0.834587 0.011311 0.148402
0.197727 0.405906 0.122344 0.274023
0.421641 0.32246 0.082954 0.172945
0.49844 0.171422 0.329932 0.000206
3585 7
0.063558 0.037434 0.34022 0.558788
0.035468 0.112898 0.181882 0.669752
0.527285 0.157667 0.256881 0.058167
0.192945 0.135183 0.582948 0.088924
0.131105 0.066359 0.018284 0.784252
0.001217 0.039415 0.77491 0.184458
0.156046 0.51336 0.015285 0.315309
672 5
0.067508 0.396091 0.504999 0.031402
0.321429 0.502428 0.104699 0.071444
0.047263 0.185423 0.757846 0.009468
0.174304 0.063198 0.227082 0.535416
0.308827 0.388568 0.093645 0.20896
10000 18
0.00024 0.343016 0.181728 0.475016
0.188839 0.493143 0.06562 0.252398
0.302804 0.557079 0.083064 0.057053
0.159768 0.353896 0.359016 0.12732
0.035933 0.019594 0.17006 0.774413
0.136675 0.417866 0.371495 0.073964
0.52217 0.151373 0.282812 0.043645
0.374935 0.20063 0.013295 0.41114
0.339651 0.529111 0.047032 0.084206
0.3826 0.032465 0.466033 0.118902
0.223581 0.036747 0.346667 0.393005
0.118724 0.490319 0.271157 0.1198
0.129323 0.367688 0.337865 0.165124
0.497714 0.124323 0.060492 0.317471
0.123217 0.088217 0.127109 0.661457
0.129244 0.161999 0.519007 0.18975
0.592987 0.003375 0.214511 0.189127
0.301146 0.444579 0.243384 0.010891
447 24
0.180606 0.603415 0.122503 0.093476
0.579889 0.191867 0.1148 0.113444
0.09921 0.520113 0.316431 0.064246
0.416584 0.030134 0.313582 0.2397
0.037758 0.19674 0.04296 0.722542
0.070329 0.640747 0.008209 0.280715
0.019413 0.009964 0.3185 0.652123
0.20479 0.003188 0.106565 0.685457
0.007184 0.34448 0.63087 0.017466
0.140825 0.417857 0.254327 0.186991
0.232058 0.614722 0.040829 0.112391
0.033481 0.232082 0.60428 0.130157
0.45187 0.322232 0.041853 0.184045
0.741272 0.156403 0.054322 0.048003
0.242838 0.19561 0.073053 0.488499
0.128726 0.291059 0.335073 0.245142
0.020549 0.085978 0.867767 0.025706
0.073211 0.579769 0.34231 0.00471
0.408494 0.142283 0.259122 0.190101
0.363034 0.214778 0.084555 0.337633
0.369256 0.075555 0.50412 0.051069
0.582775 0.057857 0.350769 0.008599
0.116681 0.27182 0.407509 0.20399
0.479381 0.293311 0.049732 0.177576
10000 24
0.446164 0.242036 0.107457 0.204343
0.398776 0.23236 0.335924 0.03294
0.247957 0.20549 0.483657 0.062896
0.362697 0.174868 0.142567 0.319868
0.001843 0.516713 0.279648 0.201796
0.080256 0.301009 0.610959 0.007776
0.161086 0.388987 0.293706 0.156221
0.081911 0.239911 0.471434 0.206744
0.238005 0.047726 0.481907 0.232362
0.100297 0.762887 0.120831 0.015985
0.473899 0.269526 0.216028 0.040547
0.471826 0.030788 0.244778 0.252608
0.559959 0.03545 0.091226 0.313365
0.207764 0.452346 0.034287 0.305603
0.389793 0.080022 0.249047 0.281138
0.126137 0.58517 0.125139 0.163554
0.053158 0.519834 0.372861 0.054147
0.410804 0.120571 0.103219 0.365406
0.292254 0.07955 0.37119 0.257006
0.157069 0.224358 0.315604 0.302969
0.077196 0.139533 0.331742 0.451529
0.06105 0.057558 0.527335 0.354057
0.21798 0.158475 0.31824 0.305305
0.060222 0.351869 0.347946 0.239963
6212 23
0.417017 0.111455 0.445982 0.025546
0.473172 0.056346 0.460372 0.01011
0.62783 0.330993 0.006423 0.034754
0.000315 0.252271 0.620876 0.126538
0.226687 0.472998 0.027414 0.272901
0.182464 0.10546 0.248387 0.463689
0.16194 0.168255 0.130699 0.539106
0.1028 0.46193 0.421709 0.013561
0.184666 0.291173 0.07687 0.447291
0.089608 0.314901 0.129223 0.466268
0.193154 0.017509 0.388875 0.400462
0.023965 0.196194 0.169377 0.610464
0.049793 0.353504 0.059966 0.536737
0.149372 0.611653 0.154318 0.084657
0.05699 0.361927 0.451318 0.129765
0.001727 0.387494 0.437406 0.173373
0.295077 0.227695 0.192805 0.284423
0.122543 0.353071 0.419163 0.105223
0.516124 0.324589 0.043532 0.115755
0.004317 0.045283 0.929759 0.020641
0.490202 0.123156 0.090758 0.295884
0.171612 0.050453 0.043807 0.734128
0.158983 0.49177 0.345373 0.003874
697 5
0.049284 0.029325 0.524877 0.396514
0.114201 0.102338 0.237165 0.546296
0.471862 0.088042 0.117168 0.322928
0.130601 0.296314 0.028829 0.544256
0.631296 0.165239 0.044352 0.159113
10000 16
0.264398 0.312232 0.360435 0.062935
0.254639 0.516054 0.089301 0.140006
0.044502 0.667978 0.221703 0.065817
0.072337 0.275396 0.388594 0.263673
0.021107 0.761534 0.169891 0.047468
0.539489 0.036647 0.081476 0.342388
0.351429 0.234559 0.315282 0.09873
0.077143 0.080766 0.363496 0.478595
0.327892 0.074511 0.426935 0.170662
0.309624 0.141038 0.039351 0.509987
0.06554 0.743007 0.063368 0.128085
0.115247 0.319596 0.442946 0.122211
0.08432 0.25557 0.458925 0.201185
0.296641 0.145142 0.162886 0.395331
0.0292 0.463835 0.231787 0.275178
0.01983 0.0989 0.216507 0.664763
10000 22
0.65962 0.076463 0.258079 0.005838
0.140905 0.343812 0.39349 0.121793
0.262717 0.092087 0.526952 0.118244
0.358904 0.296517 0.315978 0.028601
0.439051 0.168201 0.221557 0.171191
0.325355 0.156492 0.278017 0.240136
0.233603 0.053228 0.34168 0.371489
0.190252 0.38174 0.171382 0.256626
0.024244 0.265758 0.129822 0.580176
0.254566 0.23496 0.434018 0.076456
0.218557 0.205304 0.569498 0.006641
0.591028 0.099191 0.037961 0.27182
0.166067 0.307498 0.418422 0.108013
0.012635 0.345979 0.096988 0.544398
0.339151 0.43269 0.220073 0.008086
0.458627 0.480915 0.013783 0.046675
0.054785 0.259158 0.15222 0.533837
0.178304 0.604305 0.118278 0.099113
0.05918 0.401276 0.214632 0.324912
0.038287 0.235231 0.038309 0.688173
0.274202 0.284603 0.09803 0.343165
0.397725 0.328416 0.260106 0.013753
10000 10
0.129229 0.267687 0.021987 0.581097
0.024564 0.020399 0.372171 0.582866
0.15923 0.428101 0.346124 0.066545
0.457215 0.216524 0.107572 0.218689
0.151878 0.029222 0.176935 0.641965
0.239486 0.364641 0.013205 0.382668
0.26374 0.122052 0.468664 0.145544
0.223997 0.462649 0.04899 0.264364
0.041939 0.366994 0.512574 0.078493
0.00311 0.135117 0.252071 0.609702
10000 27
0.019478 0.490607 0.159864 0.330051
0.168844 0.104022 0.514815 0.212319
0.078488 0.759335 0.089826 0.072351
0.022632 0.457511 0.37949 0.140367
0.349497 0.398031 0.102402 0.15007
0.705451 0.027267 0.194106 0.073176
0.067577 0.053303 0.842804 0.036316
0.707266 0.150809 0.056589 0.085336
0.330788 0.048902 0.355809 0.264501
0.507687 0.269839 0.09972 0.122754
0.310764 0.239684 0.099459 0.350093
0.202413 0.570499 0.204415 0.022673
0.230926 0.193471 0.262446 0.313157
0.403778 0.225382 0.092227 0.278613
0.01359 0.705685 0.020683 0.260042
0.582003 0.095192 0.098722 0.224083
0.207097 0.396333 0.31389 0.08268
0.329442 0.031462 0.044013 0.595083
0.03876 0.279916 0.095179 0.586145
0.016908 0.353355 0.083639 0.546098
0.321566 0.009092 0.252606 0.416736
0.25149 0.564869 0.135947 0.047694
0.323002 0.040191 0.374287 0.26252
0.182083 0.204686 0.600702 0.012529
0.097157 0.859242 0.042589 0.001012
0.053311 0.480412 0.337975 0.128302
0.559627 0.187654 0.221383 0.031336
10000 17
0.003975 0.485028 0.169858 0.341139
0.110053 0.496077 0.346522 0.047348
0.20334 0.149708 0.041907 0.605045
0.019204 0.571297 0.265758 0.143741
0.717918 0.044594 0.009153 0.228335
0.594719 0.094689 0.155259 0.155333
0.076297 0.097842 0.563285 0.262576
0.200657 0.05048 0.360941 0.387922
0.195875 0.411636 0.189992 0.202497
0.21261 0.015692 0.470906 0.300792
0.630908 0.2611 0.049349 0.058643
0.496989 0.269081 0.130826 0.103104
0.018449 0.055055 0.077924 0.848572
0.255964 0.001475 0.294382 0.448179
0.508899 0.196093 0.193177 0.101831
0.164485 0.041996 0.034445 0.759074
0.012404 0.05961 0.293238 0.634748
10000 8
0.030134 0.390312 0.519059 0.060495
0.149804 0.224554 0.386625 0.239017
0.350844 0.490885 0.038417 0.119854
0.36454 0.126813 0.170148 0.338499
0.303814 0.289513 0.382372 0.024301
0.432138 0.047968 0.478308 0.041586
0.004493 0.218486 0.434081 0.34294
0.349848 0.11081 0.079963 0.459379
14 2
0.054703 0.04003 0.314801 0.590466
0.015688 0.489649 0.275082 0.219581
10000 21
0.693903 0.180715 0.065534 0.059848
0.133956 0.346936 0.161001 0.358107
0.059691 0.176241 0.046713 0.717355
0.043471 0.189201 0.511475 0.255853
0.050322 0.286523 0.344698 0.318457
0.082799 0.026087 0.414117 0.476997
0.186702 0.201604 0.552334 0.05936
0.299595 0.253881 0.44116 0.005364
0.780317 0.001457 0.155198 0.063028
0.033795 0.056047 0.551707 0.358451
0.060109 0.071643 0.686048 0.1822
0.217826 0.238721 0.351601 0.191852
0.174276 0.159389 0.54133 0.125005
0.099287 0.476485 0.344793 0.079435
0.277152 0.343382 0.179406 0.20006
0.347746 0.385229 0.187038 0.079987
0.166491 0.09926 0.35232 0.381929
0.125786 0.012754 0.512399 0.349061
0.683109 0.096121 0.022725 0.198045
0.152185 0.0192 0.114062 0.714553
0.062039 0.586164 0.131303 0.220494
10000 10
0.056201 0.353466 0.357883 0.23245
0.757771 0.164808 0.023415 0.054006
0.145374 0.401487 0.35498 0.098159
0.131448 0.562735 0.109582 0.196235
0.197596 0.390178 0.030688 0.381538
0.167116 0.612342 0.190493 0.030049
0.173698 0.123365 0.053721 0.649216
0.346566 0.013646 0.602367 0.037421
0.31761 0.128338 0.456475 0.097577
0.051723 0.415581 0.028727 0.503969
10000 26
0.352003 0.095718 0.385755 0.166524
0.044853 0.492961 0.333612 0.128574
0.437673 0.090945 0.033067 0.438315
0.250278 0.036803 0.374468 0.338451
0.219826 0.171594 0.15686 0.45172
0.746255 0.027731 0.146883 0.079131
0.121104 0.397539 0.242581 0.238776
0.320884 0.054401 0.141799 0.482916
0.044168 0.1121 0.634275 0.209457
0.070274 0.718424 0.170016 0.041286
0.22604 0.640157 0.012146 0.121657
0.324901 0.137997 0.413613 0.123489
0.365383 0.069699 0.013467 0.551451
0.411678 0.198415 0.005637 0.38427
0.804576 0.000119 0.019509 0.175796
0.038182 0.471905 0.267032 0.222881
0.221675 0.111902 0.166851 0.499572
0.477431 0.086306 0.332923 0.10334
0.110128 0.13783 0.489748 0.262294
0.466652 0.12559 0.073048 0.33471
0.431541 0.22714 0.307369 0.03395
0.035098 0.211002 0.225033 0.528867
0.248205 0.394837 0.354736 0.002222
0.254207 0.002033 0.162385 0.581375
0.114961 0.513243 0.350069 0.021727
0.388396 0.137054 0.237533 0.237017
13 2
0.035881 0.10666 0.770979 0.08648
0.021922 0.026795 0.286525 0.664758
10000 13
0.604184 0.109011 0.211369 0.075436
0.588904 0.179116 0.070601 0.161379
0.405834 0.283709 0.306495 0.003962
0.001665 0.628604 0.233869 0.135862
0.195693 0.203907 0.557737 0.042663
0.416319 0.287639 0.176897 0.119145
0.365577 0.29111 0.20321 0.140103
0.269068 0.413154 0.045653 0.272125
0.214721 0.386872 0.132156 0.266251
0.03218 0.232639 0.569423 0.165758
0.289231 0.604655 0.029946 0.076168
0.544913 0.009003 0.222205 0.223879
0.771751 0.169233 0.03823 0.020786
10000 16
0.716447 0.019431 0.145993 0.118129
0.216695 0.627618 0.118477 0.03721
0.397656 0.342473 0.159088 0.100783
0.331789 0.21701 0.363368 0.087833
0.305242 0.438537 0.015456 0.240765
0.035365 0.437166 0.015923 0.511546
0.149097 0.004917 0.441456 0.40453
0.517119 0.064462 0.18734 0.231079
0.20492 0.442435 0.303154 0.049491
0.533116 0.018279 0.337421 0.111184
0.375854 0.074238 0.238451 0.311457
0.782862 0.099064 0.010485 0.107589
0.108139 0.372565 0.182637 0.336659
0.253883 0.131624 0.198745 0.415748
0.289197 0.486531 0.077269 0.147003
0.688367 0.079186 0.064446 0.168001
10000 25
0.309056 0.208083 0.391746 0.091115
0.021169 0.383848 0.303114 0.291869
0.253951 0.134267 0.496961 0.114821
0.351315 0.013226 0.070517 0.564942
0.247734 0.253687 0.086794 0.411785
0.024419 0.026852 0.493205 0.455524
0.16684 0.101805 0.342881 0.388474
0.172309 0.181018 0.29166 0.355013
0.168396 0.068843 0.074795 0.687966
0.324753 0.046959 0.068491 0.559797
0.44386 0.229648 0.035878 0.290614
0.030198 0.110873 0.670792 0.188137
0.138633 0.135939 0.684365 0.041063
0.007055 0.421916 0.129753 0.441276
0.137964 0.106696 0.197063 0.558277
0.31516 0.2165 0.343045 0.125295
0.005144 0.77335 0.092388 0.129118
0.161414 0.224616 0.086879 0.527091
0.053096 0.437926 0.013348 0.49563
0.426334 0.077501 0.26337 0.232795
0.013663 0.226256 0.141243 0.618838
0.231628 0.177708 0.526556 0.064108
0.261269 0.119526 0.138086 0.481119
0.025172 0.615661 0.229798 0.129369
0.401192 0.099061 0.221444 0.278303
10000 15
0.359213 0.072709 0.084139 0.483939
0.133486 0.386787 0.291359 0.188368
0.243532 0.101972 0.554013 0.100483
0.18694 0.312365 0.044125 0.45657
0.00481 0.109974 0.273932 0.611284
0.513534 0.003408 0.463099 0.019959
0.324371 0.052197 0.057538 0.565894
0.497778 0.314523 0.172155 0.015544
0.366776 0.22525 0.316079 0.091895
0.076604 0.032418 0.6636 0.227378
0.015831 0.040435 0.534947 0.408787
0.093478 0.106823 0.12651 0.673189
0.433056 0.251046 0.20279 0.113108
0.617329 0.148938 0.19004 0.043693
0.004506 0.395355 0.111985 0.488154
10000 29
0.19621 0.698833 0.001495 0.103462
0.668973 0.110357 0.153892 0.066778
0.546392 0.147629 0.071679 0.2343
0.381244 0.192619 0.054569 0.371568
0.123226 0.121042 0.172922 0.58281
0.322821 0.044845 0.595902 0.036432
0.622791 0.09205 0.230348 0.054811
0.378908 0.085676 0.194267 0.341149
0.339973 0.201656 0.306356 0.152015
0.790719 0.014811 0.08894 0.10553
0.345252 0.423467 0.106734 0.124547
0.435018 0.041639 0.335593 0.18775
0.178025 0.573505 0.233561 0.014909
0.064919 0.456636 0.023915 0.45453
0.276587 0.006006 0.398854 0.318553
0.429488 0.016591 0.318128 0.235793
0.228259 0.524905 0.024957 0.221879
0.283521 0.053846 0.346707 0.315926
0.407165 0.031131 0.039324 0.52238
0.212347 0.217901 0.087556 0.482196
0.053803 0.273035 0.518055 0.155107
0.064871 0.76848 0.036684 0.129965
0.20918 0.234252 0.4686 0.087968
0.588531 0.198842 0.192051 0.020576
0.112333 0.205583 0.161172 0.520912
0.183203 0.076916 0.540724 0.199157
0.118091 0.160444 0.287424 0.434041
0.429264 0.129357 0.228002 0.213377
0.152849 0.359428 0.444181 0.043542
691 5
0.177429 0.223998 0.138051 0.460522
0.242759 0.2202 0.111514 0.425527
0.547262 0.102956 0.011633 0.338149
0.163211 0.128079 0.314553 0.394157
0.561102 0.081613 0.000752 0.356533
10000 20
0.245846 0.605059 0.002511 0.146584
0.394056 0.069823 0.489966 0.046155
0.540595 0.107877 0.187907 0.163621
0.146106 0.021278 0.186044 0.646572
0.411399 0.126092 0.288435 0.174074
0.206327 0.00414 0.00395 0.785583
0.15326 0.136381 0.357032 0.353327
0.301866 0.462798 0.078283 0.157053
0.477447 0.015289 0.477298 0.029966
0.312083 0.337858 0.10726 0.242799
0.23912 0.02234 0.232638 0.505902
0.032028 0.835717 0.027888 0.104367
0.244904 0.278457 0.161579 0.31506
0.122752 0.493187 0.219528 0.164533
0.263882 0.48437 0.175858 0.07589
0.47216 0.373055 0.065808 0.088977
0.006951 0.429487 0.500264 0.063298
0.319437 0.249722 0.160003 0.270838
0.230164 0.409958 0.024291 0.335587
0.076977 0.761637 0.123522 0.037864
9 4
0.040475 0.271994 0.071827 0.615704
0.184197 0.42934 0.189543 0.19692
0.282574 0.203176 0.338745 0.175505
0.161423 0.334031 0.056781 0.447765
2 1
0.349989 0.373003 0.067664 0.209344
10000 18
0.4138 0.485272 0.034953 0.065975
0.210469 0.218103 0.34732 0.224108
0.288165 0.693684 0.013706 0.004445
0.396879 0.079241 0.254706 0.269174
0.024051 0.14773 0.612151 0.216068
0.319173 0.387634 0.27682 0.016373
0.049742 0.686308 0.083281 0.180669
0.398021 0.30836 0.243757 0.049862
0.257295 0.035109 0.319308 0.388288
0.267192 0.597196 0.020954 0.114658
0.346344 0.102745 0.063621 0.48729
0.409175 0.117284 0.468099 0.005442
0.003293 0.080372 0.899055 0.01728
0.066905 0.174134 0.195917 0.563044
0.164503 0.667388 0.136765 0.031344
0.269293 0.232434 0.36914 0.129133
0.316924 0.113364 0.230921 0.338791
0.048432 0.270775 0.66003 0.020763
10000 26
0.214045 0.188806 0.418595 0.178554
0.26968 0.059281 0.253467 0.417572
0.19143 0.319072 0.448811 0.040687
0.251587 0.479279 0.146251 0.122883
0.424235 0.192065 0.152688 0.231012
0.069808 0.238489 0.175537 0.516166
0.015194 0.056154 0.888949 0.039703
0.400924 0.22841 0.12456 0.246106
0.595784 0.035157 0.246533 0.122526
0.058355 0.063212 0.412366 0.466067
0.051622 0.699161 0.027909 0.221308
0.145297 0.301278 0.448323 0.105102
0.179368 0.205382 0.587999 0.027251
0.466166 0.41737 0.056385 0.060079
0.118934 0.243348 0.316624 0.321094
0.333467 0.41858 0.168 0.079953
0.012376 0.119922 0.568316 0.299386
0.204988 0.721942 0.020042 0.053028
0.152593 0.062366 0.727615 0.057426
0.167809 0.29304 0.04468 0.494471
0.040036 0.126771 0.466782 0.366411
0.011652 0.074309 0.174964 0.739075
0.081741 0.016169 0.879824 0.022266
0.016157 0.587548 0.051002 0.345293
0.045345 0.75733 0.032774 0.164551
0.1458 0.342925 0.444241 0.067034
10000 14
0.134488 0.134522 0.238603 0.492387
0.013491 0.134244 0.361951 0.490314
0.296837 0.367025 0.299823 0.036315
0.186533 0.133617 0.368133 0.311717
0.09936 0.166519 0.254673 0.479448
0.199607 0.076621 0.526473 0.197299
0.524559 0.035069 0.2959 0.144472
0.086923 0.349 0.104357 0.45972
0.380705 0.36214 0.198046 0.059109
0.173066 0.501516 0.304462 0.020956
0.485629 0.293273 0.216384 0.004714
0.290342 0.099948 0.517383 0.092327
0.524145 0.341715 0.091708 0.042432
0.052157 0.194323 0.349469 0.404051
10000 22
0.098042 0.068772 0.034442 0.798744
0.185003 0.688576 0.065968 0.060453
0.186794 0.034238 0.605382 0.173586
0.802766 0.009209 0.00901 0.179015
0.07155 0.32088 0.01649 0.59108
0.029769 0.363278 0.500194 0.106759
0.227357 0.354718 0.199992 0.217933
0.014273 0.685218 0.231923 0.068586
0.144174 0.178905 0.208614 0.468307
0.079149 0.012334 0.724043 0.184474
0.046355 0.341906 0.178814 0.432925
0.505633 0.081168 0.059424 0.353775
0.807053 0.094066 0.054157 0.044724
0.428369 0.41932 0.069168 0.083143
0.009846 0.331742 0.584381 0.074031
0.339127 0.279998 0.285572 0.095303
0.138174 0.021 0.321978 0.518848
0.104187 0.252685 0.0779 0.565228
0.107674 0.195847 0.051905 0.644574
0.106817 0.285175 0.258944 0.349064
0.502473 0.262232 0.159046 0.076249
0.046624 0.080019 0.187091 0.686266
10000 24
0.161275 0.482277 0.09197 0.264478
0.235655 0.586438 0.100007 0.0779
0.262227 0.214874 0.373057 0.149842
0.463983 0.434348 0.026939 0.07473
0.026073 0.224458 0.734645 0.014824
0.246567 0.122866 0.015629 0.614938
0.572635 0.091778 0.313289 0.022298
0.306963 0.427758 0.180202 0.085077
0.048706 0.530499 0.407041 0.013754
0.08039 0.507189 0.02761 0.384811
0.038814 0.399393 0.160875 0.400918
0.188703 0.296654 0.406695 0.107948
0.041543 0.145405 0.121628 0.691424
0.080201 0.734115 0.127113 0.058571
0.576551 0.254232 0.044454 0.124763
0.11533 0.596862 0.035093 0.252715
0.042557 0.363641 0.008993 0.584809
0.059909 0.010254 0.703689 0.226148
0.284657 0.059945 0.488035 0.167363
0.392785 0.114517 0.061703 0.430995
0.408126 0.323319 0.0089 0.259655
0.433 0.082787 0.062573 0.42164
0.041204 0.626984 0.077944 0.253868
0.084357 0.464298 0.05052 0.400825
10000 10
0.351845 0.519965 0.074027 0.054163
0.184478 0.171236 0.424962 0.219324
0.070467 0.363251 0.077722 0.48856
0.155894 0.434794 0.228153 0.181159
0.524359 0.335743 0.040931 0.098967
0.27314 0.313363 0.061264 0.352233
0.07098 0.341807 0.185088 0.402125
0.345221 0.437995 0.095257 0.121527
0.037593 0.346283 0.222797 0.393327
0.342263 0.170059 0.022807 0.464871
1110 8
0.43521 0.110538 0.380998 0.073254
0.071391 0.407032 0.040259 0.481318
0.179817 0.178879 0.583788 0.057516
0.213879 0.269261 0.431067 0.085793
0.001303 0.053026 0.299079 0.646592
0.418323 0.257154 0.088365 0.236158
0.259087 0.525918 0.21286 0.002135
0.097486 0.122893 0.16489 0.614731
10000 27
0.001194 0.107411 0.291616 0.599779
0.023841 0.268274 0.173406 0.534479
0.236759 0.116104 0.512401 0.134736
0.073416 0.022807 0.608559 0.295218
0.037423 0.426116 0.325092 0.211369
0.057336 0.057701 0.865869 0.019094
0.240141 0.143928 0.437805 0.178126
0.536523 0.289529 0.16008 0.013868
0.365083 0.11474 0.442086 0.078091
0.004908 0.308172 0.086596 0.600324
0.088795 0.213178 0.290089 0.407938
0.210289 0.179394 0.488255 0.122062
0.052764 0.324157 0.353948 0.269131
0.56059 0.043407 0.043327 0.352676
0.393664 0.082619 0.080935 0.442782
0.311369 0.187158 0.081696 0.419777
0.385368 0.126365 0.010233 0.478034
0.016814 0.868152 0.056314 0.05872
0.543872 0.046332 0.308878 0.100918
0.19468 0.220382 0.261333 0.323605
0.004494 0.726189 0.064189 0.205128
0.095765 0.033109 0.403379 0.467747
0.020196 0.034889 0.7685 0.176415
0.496615 0.091478 0.142022 0.269885
0.10791 0.128393 0.263002 0.500695
0.020011 0.531217 0.057706 0.391066
0.197836 0.135572 0.097647 0.568945
10000 28
0.130097 0.503994 0.098214 0.267695
0.032178 0.271311 0.265579 0.430932
0.585402 0.078437 0.234373 0.101788
0.462178 0.462547 0.017195 0.05808
0.544267 0.126196 0.144655 0.184882
0.046074 0.101566 0.152947 0.699413
0.13352 0.074698 0.736488 0.055294
0.063702 0.00407 0.13936 0.792868
0.422518 0.003374 0.450326 0.123782
0.515034 0.16622 0.277682 0.041064
0.174407 0.045581 0.096617 0.683395
0.417716 0.232058 0.118784 0.231442
0.058718 0.486535 0.266002 0.188745
0.188846 0.272157 0.077643 0.461354
0.416665 0.217872 0.030965 0.334498
0.045828 0.578605 0.065476 0.310091
0.055952 0.095206 0.091523 0.757319
0.422555 0.113602 0.103848 0.359995
0.109209 0.238633 0.583725 0.068433
0.488127 0.327051 0.07138 0.113442
0.325888 0.25809 0.125866 0.290156
0.458915 0.117161 0.034784 0.38914
0.059208 0.516247 0.3833 0.041245
0.05285 0.391426 0.024435 0.531289
0.033879 0.464695 0.413701 0.087725
0.250582 0.167929 0.07593 0.505559
0.201511 0.0392 0.40149 0.357799
0.127636 0.474364 0.307143 0.090857
1303 28
0.062207 0.381518 0.360967 0.195308
0.036739 0.394897 0.358973 0.209391
0.19955 0.262094 0.160401 0.377955
0.316498 0.028876 0.257488 0.397138
0.231141 0.438587 0.205907 0.124365
0.024561 0.205024 0.007016 0.763399
0.164071 0.471839 0.231658 0.132432
0.290018 0.391604 0.039026 0.279352
0.162762 0.122716 0.664281 0.050241
0.035805 0.503658 0.088681 0.371856
0.041467 0.382507 0.345929 0.230097
0.681365 0.078565 0.103975 0.136095
0.265084 0.482801 0.017828 0.234287
0.105855 0.487766 0.260791 0.145588
0.275317 0.216807 0.320194 0.187682
0.188857 0.191619 0.167875 0.451649
0.473263 0.005298 0.097594 0.423845
0.346812 0.343367 0.035478 0.274343
0.338789 0.220335 0.153082 0.287794
0.303384 0.037435 0.169902 0.489279
0.417278 0.148604 0.427377 0.006741
0.053274 0.058218 0.676909 0.211599
0.08393 0.379843 0.139296 0.396931
0.097875 0.298878 0.540155 0.063092
0.103525 0.529804 0.085283 0.281388
0.100999 0.68109 0.144638 0.073273
0.042726 0.177241 0.640861 0.139172
0.205609 0.410655 0.260043 0.123693
10000 18
0.398929 0.130384 0.45753 0.013157
0.058001 0.608858 0.178795 0.154346
0.211525 0.067913 0.379387 0.341175
0.312232 0.198302 0.269531 0.219935
0.12993 0.578317 0.008044 0.283709
0.082747 0.020871 0.83777 0.058612
0.246765 0.057629 0.362749 0.332857
0.703516 0.219694 0.054618 0.022172
0.143995 0.448558 0.223851 0.183596
0.212998 0.10668 0.127395 0.552927
0.125277 0.344385 0.420831 0.109507
0.191535 0.268363 0.020831 0.519271
0.059947 0.655782 0.011762 0.272509
0.146918 0.075992 0.298239 0.478851
0.011597 0.352717 0.2369 0.398786
0.306275 0.061647 0.096728 0.53535
0.063622 0.356678 0.386317 0.193383
0.051969 0.223264 0.491394 0.233373
10000 19
0.357234 0.051391 0.431052 0.160323
0.007522 0.099454 0.277917 0.615107
0.257097 0.515203 0.213734 0.013966
0.364699 0.01798 0.132709 0.484612
0.778499 0.156444 0.015543 0.049514
0.338888 0.13925 0.152251 0.369611
0.031202 0.200869 0.689864 0.078065
0.330423 0.291611 0.079594 0.298372
0.13839 0.220638 0.513456 0.127516
0.087369 0.354037 0.245812 0.312782
0.410133 0.150928 0.264995 0.173944
0.45283 0.104807 0.428817 0.013546
0.428839 0.424721 0.05038 0.09606
0.417139 0.046209 0.237443 0.299209
0.36293 0.03934 0.057288 0.540442
0.855552 0.000134 0.051279 0.093035
0.198396 0.246914 0.300752 0.253938
0.20823 0.086738 0.330546 0.374486
0.062467 0.400323 0.145536 0.391674
186 4
0.221819 0.465712 0.197431 0.115038
0.272306 0.111181 0.514157 0.102356
0.09618 0.494654 0.245834 0.163332
0.239443 0.315988 0.165715 0.278854
10000 8
0.010225 0.133691 0.295367 0.560717
0.10637 0.690196 0.187103 0.016331
0.256491 0.124944 0.248894 0.369671
0.131468 0.38384 0.405417 0.079275
0.368018 0.440253 0.057444 0.134285
0.089358 0.397527 0.28329 0.229825
0.115427 0.472901 0.264598 0.147074
0.464554 0.162758 0.253275 0.119413
10000 9
0.023223 0.576518 0.300341 0.099918
0.474267 0.211621 0.085423 0.228689
0.080901 0.324397 0.021014 0.573688
0.04872 0.214746 0.601634 0.1349
0.137777 0.44828 0.381021 0.032922
0.486459 0.026134 0.046546 0.440861
0.05621 0.4329 0.01191 0.49898
0.659692 0.007981 0.059397 0.27293
0.059004 0.247509 0.404947 0.28854
229 9
0.262066 0.00446 0.477175 0.256299
0.002874 0.168218 0.613785 0.215123
0.41888 0.350744 0.133051 0.097325
0.002424 0.296043 0.064203 0.63733
0.356645 0.307244 0.038888 0.297223
0.238488 0.264023 0.116523 0.380966
0.028263 0.283183 0.488194 0.20036
0.007305 0.364792 0.074109 0.553794
0.519339 0.325421 0.001233 0.154007
10000 13
0.00894 0.833999 0.01707 0.139991
0.399325 0.469685 0.116508 0.014482
0.494752 0.086508 0.049066 0.369674
0.476377 0.353696 0.03726 0.132667
0.559134 0.373327 0.065824 0.001715
0.226757 0.045332 0.623268 0.104643
0.178213 0.468912 0.196884 0.155991
0.397525 0.069125 0.502889 0.030461
0.056827 0.616998 0.29419 0.031985
0.081796 0.480948 0.005753 0.431503
0.150975 0.517509 0.289439 0.042077
0.69805 0.010109 0.18523 0.106611
0.202064 0.282826 0.018981 0.496129
2 1
0.401454 0.349168 0.059851 0.189527
10000 25
0.085398 0.205851 0.342346 0.366405
0.123932 0.452119 0.042661 0.381288
0.556931 0.074222 0.074258 0.294589
0.014897 0.033095 0.010008 0.942
0.398149 0.469731 0.00708 0.12504
0.058005 0.081247 0.80827 0.052478
0.076831 0.204409 0.48388 0.23488
0.661318 0.050489 0.065319 0.222874
0.38787 0.432831 0.113748 0.065551
0.271936 0.282378 0.11513 0.330556
0.501411 0.112014 0.34813 0.038445
0.234315 0.138196 0.47715 0.150339
0.488555 0.425797 0.004902 0.080746
0.170118 0.301253 0.324147 0.204482
0.288363 0.252607 0.306545 0.152485
0.080725 0.22261 0.283624 0.413041
0.020752 0.007977 0.626346 0.344925
0.143123 0.259424 0.549664 0.047789
0.515629 0.347518 0.115832 0.021021
0.125799 0.005648 0.510448 0.358105
0.054872 0.817344 0.093606 0.034178
0.156694 0.172192 0.484344 0.18677
0.22844 0.095074 0.661832 0.014654
0.106702 0.144611 0.206771 0.541916
0.329108 0.115739 0.073779 0.481374
10000 8
0.774691 0.00997 0.032609 0.18273
0.03199 0.225317 0.300018 0.442675
0.545186 0.02705 0.033685 0.394079
0.080218 0.270171 0.120036 0.529575
0.676006 0.046674 0.019029 0.258291
0.004248 0.640773 0.347195 0.007784
0.451594 0.011536 0.31014 0.22673
0.07336 0.253393 0.104025 0.569222
10000 20
0.258055 0.420322 0.186482 0.135141
0.27739 0.299353 0.393213 0.030044
0.234204 0.341202 0.314429 0.110165
0.453881 0.299202 0.109144 0.137773
0.072338 0.380922 0.097101 0.449639
0.334753 0.030464 0.178037 0.456746
0.166944 0.09716 0.636644 0.099252
0.195937 0.093445 0.631474 0.079144
0.131381 0.104424 0.749407 0.014788
0.251625 0.334993 0.188192 0.22519
0.153854 0.03656 0.23845 0.571136
0.090549 0.000557 0.736741 0.172153
0.063168 0.151507 0.428262 0.357063
0.002218 0.906329 0.06728 0.024173
0.088914 0.650115 0.162226 0.098745
0.154222 0.743392 0.022147 0.080239
0.535903 0.039754 0.250806 0.173537
0.032448 0.030223 0.68488 0.252449
0.584607 0.329366 0.062714 0.023313
0.080245 0.421877 0.011618 0.48626
10000 22
0.201664 0.02545 0.085864 0.687022
0.051731 0.316954 0.49282 0.138495
0.34968 0.095224 0.528251 0.026845
0.228552 0.474902 0.040636 0.25591
0.41286 0.402122 0.024989 0.160029
0.047885 0.066684 0.241177 0.644254
0.33516 0.097393 0.355763 0.211684
0.618343 0.186932 0.128715 0.06601
0.285695 0.254588 0.154531 0.305186
0.291246 0.15468 0.062823 0.491251
0.26849 0.709456 0.008131 0.013923
0.149921 0.224753 0.36077 0.264556
0.390305 0.407713 0.105788 0.096194
0.066109 0.739327 0.049163 0.145401
0.026977 0.102799 0.443893 0.426331
0.065753 0.05054 0.371127 0.51258
0.08095 0.206402 0.436851 0.275797
0.097296 0.130578 0.532084 0.240042
0.29441 0.257554 0.118202 0.329834
0.003754 0.110056 0.547312 0.338878
0.365291 0.229477 0.291857 0.113375
0.070451 0.524948 0.190652 0.213949
10000 13
0.145425 0.113134 0.52395 0.217491
0.133892 0.190222 0.628069 0.047817
0.807926 0.071707 0.065144 0.055223
0.291372 0.189603 0.488547 0.030478
0.162269 0.181322 0.632129 0.02428
0.196692 0.098415 0.49722 0.207673
0.141516 0.347845 0.413741 0.096898
0.681951 0.001937 0.228631 0.087481
0.008088 0.309688 0.546284 0.13594
0.450194 0.189222 0.350413 0.010171
0.169755 0.082534 0.305487 0.442224
0.47226 0.182381 0.104621 0.240738
0.103516 0.517632 0.273084 0.105768
43 3
0.057705 0.055337 0.293115 0.593843
0.607512 0.024651 0.165069 0.202768
0.012074 0.486698 0.081838 0.41939
4951 7
0.097901 0.531061 0.294878 0.07616
0.107188 0.243114 0.246017 0.403681
0.275615 0.015361 0.161841 0.547183
0.341347 0.090795 0.425556 0.142302
0.458659 0.338383 0.002232 0.200726
0.150356 0.500502 0.056261 0.292881
0.850629 0.06518 0.070598 0.013593
7517 14
0.012901 0.121079 0.102883 0.763137
0.54724 0.139631 0.200051 0.113078
0.362511 0.108544 0.047752 0.481193
0.269944 0.337035 0.23436 0.158661
0.295991 0.001239 0.377022 0.325748
0.180195 0.451567 0.352723 0.015515
0.166759 0.521459 0.173994 0.137788
0.048547 0.479907 0.469835 0.001711
0.478542 0.317499 0.129869 0.07409
0.226739 0.505617 0.104131 0.163513
0.026052 0.21805 0.493581 0.262317
0.193872 0.067715 0.737015 0.001398
0.119591 0.018727 0.423673 0.438009
0.816228 0.0926 0.054961 0.036211
10000 21
0.026418 0.105141 0.731963 0.136478
0.359845 0.022968 0.266613 0.350574
0.148358 0.368159 0.162005 0.321478
0.026589 0.039634 0.581275 0.352502
0.114052 0.149103 0.167883 0.568962
0.414904 0.037539 0.323002 0.224555
0.295065 0.068809 0.572716 0.06341
0.5444 0.11335 0.294858 0.047392
0.063465 0.266226 0.083658 0.586651
0.129902 0.335884 0.090548 0.443666
0.065997 0.33534 0.596408 0.002255
0.198157 0.105115 0.280317 0.416411
0.442287 0.214056 0.252869 0.090788
0.260243 0.311187 0.298776 0.129794
0.043813 0.682786 0.129809 0.143592
0.032694 0.477323 0.016202 0.473781
0.170812 0.059087 0.74795 0.022151
0.13061 0.02844 0.27068 0.57027
0.312624 0.502839 0.063139 0.121398
0.054398 0.129294 0.659977 0.156331
0.051638 0.647371 0.262758 0.038233
9397 23
0.083145 0.353912 0.425602 0.137341
0.095802 0.270405 0.122084 0.511709
0.132488 0.203165 0.555283 0.109064
0.153203 0.220211 0.223778 0.402808
0.160188 0.552833 0.146638 0.140341
0.059558 0.808417 0.036477 0.095548
0.135458 0.658926 0.130252 0.075364
0.207531 0.324661 0.120933 0.346875
0.245414 0.546239 0.164253 0.044094
0.062306 0.603692 0.281154 0.052848
0.073818 0.082307 0.802328 0.041547
0.410809 0.32821 0.107477 0.153504
0.378077 0.248179 0.245011 0.128733
0.021857 0.05907 0.272499 0.646574
0.554128 0.383483 0.006215 0.056174
0.625523 0.186123 0.044759 0.143595
0.000137 0.337745 0.396867 0.265251
0.027895 0.180838 0.519483 0.271784
0.121244 0.023774 0.595524 0.259458
0.277253 0.329559 0.18139 0.211798
0.044512 0.390989 0.119814 0.444685
0.044204 0.10052 0.0481 0.807176
0.264506 0.335704 0.156672 0.243118
10000 26
0.138664 0.221456 0.281493 0.358387
0.800724 0.132225 0.040505 0.026546
0.359578 0.186548 0.222573 0.231301
0.01944 0.092919 0.366008 0.521633
0.029725 0.654302 0.250022 0.065951
0.417201 0.184738 0.206579 0.191482
0.178615 0.26431 0.410089 0.146986
0.038377 0.480814 0.029555 0.451254
0.43349 0.027815 0.12645 0.412245
0.473757 0.123925 0.139221 0.263097
0.126224 0.403922 0.07434 0.395514
0.336946 0.141211 0.145248 0.376595
0.391784 0.269085 0.045496 0.293635
0.445252 0.162739 0.118348 0.273661
0.255666 0.076183 0.046133 0.622018
0.027692 0.047609 0.796177 0.128522
0.411553 0.103345 0.411716 0.073386
0.242788 0.014818 0.215931 0.526463
0.716271 0.205858 0.056465 0.021406
0.189495 0.20491 0.445999 0.159596
0.23343 0.26017 0.043021 0.463379
0.016827 0.811894 0.031949 0.13933
0.341457 0.492571 0.13756 0.028412
0.008001 0.087643 0.417115 0.487241
0.209348 0.172665 0.372701 0.245286
0.03533 0.228144 0.620239 0.116287
10000 27
0.587392 0.341723 0.01218 0.058705
0.345972 0.136343 0.480662 0.037023
0.211978 0.251661 0.435914 0.100447
0.114031 0.126288 0.596977 0.162704
0.224984 0.181682 0.008474 0.58486
0.187261 0.034373 0.347715 0.430651
0.427108 0.362422 0.175504 0.034966
0.60416 0.35211 0.013691 0.030039
0.204357 0.090892 0.302502 0.402249
0.265994 0.083099 0.543396 0.107511
0.290144 0.171159 0.209132 0.329565
0.076862 0.51879 0.293051 0.111297
0.081813 0.133893 0.188442 0.595852
0.369742 0.415199 0.117357 0.097702
0.379684 0.257747 0.162592 0.199977
0.148361 0.01316 0.035679 0.8028
0.427399 0.119181 0.21077 0.24265
0.423619 0.143883 0.271631 0.160867
0.584915 0.055264 0.327322 0.032499
0.756772 0.167131 0.050836 0.025261
0.49769 0.065099 0.294686 0.142525
0.214612 0.022876 0.387149 0.375363
0.442561 0.117534 0.377062 0.062843
0.183752 0.475193 0.215824 0.125231
0.188555 0.271154 0.224246 0.316045
0.011936 0.125111 0.83478 0.028173
0.113789 0.505379 0.018474 0.362358
10000 16
0.39912 0.256413 0.110019 0.234448
0.171678 0.044488 0.555252 0.228582
0.613115 0.138546 0.081943 0.166396
0.162114 0.589344 0.02283 0.225712
0.472943 0.193199 0.30562 0.028238
0.025734 0.628898 0.268094 0.077274
0.046421 0.19476 0.099362 0.659457
0.190437 0.16922 0.188015 0.452328
0.168885 0.465068 0.283495 0.082552
0.03862 0.876808 0.057708 0.026864
0.466421 0.043731 0.389991 0.099857
0.195477 0.60353 0.10952 0.091473
0.052728 0.077933 0.422191 0.447148
0.179468 0.51039 0.202496 0.107646
0.153074 0.107751 0.294694 0.444481
0.454158 0.19157 0.294468 0.059804
10000 26
0.110798 0.561493 0.268564 0.059145
0.522926 0.103296 0.360283 0.013495
0.372611 0.443946 0.120745 0.062698
0.401048 0.081069 0.234266 0.283617
0.140959 0.170614 0.178474 0.509953
0.045624 0.623632 0.310033 0.020711
0.044764 0.48054 0.406554 0.068142
0.102017 0.10724 0.606106 0.184637
0.94187 0.004602 0.016194 0.037334
0.566034 0.070893 0.019577 0.343496
0.404266 0.218055 0.258177 0.119502
0.224289 0.064277 0.163054 0.54838
0.5353 0.050234 0.29798 0.116486
0.152429 0.489237 0.212919 0.145415
0.149092 0.40182 0.28299 0.166098
