100
421 5
0.25 0.25 0.25 0.25
0.25 0.25 0.25 0.25
0.25 0.25 0.25 0.25
0.25 0.25 0.25 0.25
0.25 0.25 0.25 0.25
512 3
0.250506 0.367862 0.291378 0.090254
0.017215 0.982785 0.0 0.0
0.0 0.810217 0.0 0.189783
12 2
0.25 0.25 0.25 0.25
0.25 0.25 0.25 0.25
473 5
0.25 0.25 0.25 0.25
0.25 0.25 0.25 0.25
0.25 0.25 0.25 0.25
0.25 0.25 0.25 0.25
0.25 0.25 0.25 0.25
435 4
0.384782 0.320881 0.014041 0.280296
0.175156 0.001142 0.667011 0.156691
0.493577 0.0 0.0 0.506423
0.542398 0.081294 0.132398 0.24391
10 2
0.25 0.25 0.25 0.25
0.25 0.25 0.25 0.25
968 5
0.274183 0.036162 0.540283 0.149372
0.0 1.0 0.0 0.0
0.396815 0.0 0.587617 0.015568
0.0 0.555011 0.0 0.444989
0.403714 0.596286 0.0 0.0
576 2
1.0 0.0 0.0 0.0
0.0 1.0 0.0 0.0
6 3
0.25 0.25 0.25 0.25
0.25 0.25 0.25 0.25
0.25 0.25 0.25 0.25
924 6
0.25 0.25 0.25 0.25
0.25 0.25 0.25 0.25
0.25 0.25 0.25 0.25
0.25 0.25 0.25 0.25
0.25 0.25 0.25 0.25
0.25 0.25 0.25 0.25
924 6
0.25 0.25 0.25 0.25
0.25 0.25 0.25 0.25
0.25 0.25 0.25 0.25
0.25 0.25 0.25 0.25
0.25 0.25 0.25 0.25
0.25 0.25 0.25 0.25
46 3
0.25 0.25 0.25 0.25
0.25 0.25 0.25 0.25
0.25 0.25 0.25 0.25
812 6
0.387217 0.126339 0.0 0.486444
0.154923 0.387112 0.243035 0.21493
0.268511 0.511029 0.103326 0.117134
0.0 0.0 1.0 0.0
0.205418 0.794582 0.0 0.0
0.483377 0.184087 0.332536 0.0
147 5
0.370139 0.0 0.608791 0.02107
0.944124 0.036392 0.019484 0.0
0.0 0.939395 0.038969 0.021636
0.789424 0.061076 0.123895 0.025605
0.0 0.0 0.0 1.0
23 6
0.25 0.25 0.25 0.25
0.25 0.25 0.25 0.25
0.25 0.25 0.25 0.25
0.25 0.25 0.25 0.25
0.25 0.25 0.25 0.25
0.25 0.25 0.25 0.25
102 2
0.323319 0.0 0.180317 0.496364
0.0 1.0 0.0 0.0
101 6
0.342312 0.0 0.154576 0.503112
0.0 0.0 0.0 1.0
0.0 0.0 1.0 0.0
0.250687 0.154477 0.191627 0.403209
0.06172 0.235086 0.174819 0.528375
0.0 0.569112 0.0 0.430888
6 2
0.25 0.25 0.25 0.25
0.25 0.25 0.25 0.25
9 2
0.25 0.25 0.25 0.25
0.25 0.25 0.25 0.25
742 3
0.712123 0.287877 0.0 0.0
0.0 1.0 0.0 0.0
0.0 1.0 0.0 0.0
41 3
0.094543 0.284381 0.233059 0.388017
0.001524 0.412893 0.349168 0.236415
0.665599 0.047106 0.094986 0.192309
225 4
0.012139 0.402267 0.153745 0.431849
0.418226 0.298171 0.243969 0.039634
0.212447 0.554648 0.046779 0.186126
0.329579 0.472427 0.040308 0.157686
227 4
0.505418 0.02769 0.154834 0.312058
0.124984 0.003369 0.809045 0.062602
0.00058 0.366332 0.188001 0.445087
0.013179 0.083467 0.261267 0.642087
21 3
0.282676 0.211167 0.002357 0.5038
0.097784 0.294386 0.177269 0.430561
0.224388 0.126347 0.530362 0.118903
2 2
0.457242 0.315351 0.081345 0.146062
0.339363 0.274713 0.178265 0.207659
1000 6
0.22108 0.128137 0.347053 0.30373
0.237746 0.022089 0.018574 0.721591
0.558355 0.053498 0.122641 0.265506
0.061562 0.028587 0.042004 0.867847
0.045963 0.655361 0.250866 0.04781
0.462072 0.207844 0.164605 0.165479
152 4
0.210377 0.333408 0.385091 0.071124
0.282283 0.379462 0.041202 0.297053
0.692384 0.12567 0.018086 0.16386
0.101384 0.153693 0.293407 0.451516
4 3
0.108724 0.070862 0.343464 0.47695
0.011552 0.074649 0.32852 0.585279
0.374604 0.0994 0.091343 0.434653
1000 6
0.426535 0.220509 0.300405 0.052551
0.105601 0.301903 0.159649 0.432847
0.02544 0.573044 0.335682 0.065834
0.023513 0.6652 0.250131 0.061156
0.125196 0.007851 0.385956 0.480997
0.040074 0.448544 0.415112 0.09627
378 5
0.072701 0.063857 0.294663 0.568779
0.702004 0.161574 0.039432 0.09699
0.225309 0.32308 0.11891 0.332701
0.042101 0.602047 0.16513 0.190722
0.146354 0.052039 0.06954 0.732067
9 2
0.011311 0.0057 0.831655 0.151334
0.257504 0.320071 0.148402 0.274023
1000 6
0.000206 0.32246 0.501354 0.17598
0.329932 0.201991 0.407779 0.060298
0.527285 0.215834 0.108515 0.148366
0.124202 0.135183 0.157667 0.582948
0.722412 0.192945 0.018284 0.066359
0.185675 0.643805 0.131105 0.039415
844 1
0.669406 0.148819 0.011871 0.169904
130 4
0.502428 0.071444 0.327218 0.09891
0.194891 0.047263 0.079275 0.678571
0.084752 0.009468 0.746965 0.158815
0.401386 0.329312 0.206104 0.063198
811 5
0.148684 0.19782 0.264928 0.388568
0.656744 0.141075 0.00024 0.201941
0.252398 0.181968 0.072491 0.493143
0.794263 0.06562 0.083064 0.057053
0.105269 0.302804 0.189963 0.401964
1 1
0.231561 0.055527 0.17006 0.542852
2 1
0.136675 0.146137 0.043645 0.673543
2 1
0.047032 0.38823 0.339651 0.225087
3 3
0.450857 0.346667 0.165729 0.036747
0.490319 0.118724 0.104857 0.2861
0.022193 0.467188 0.367688 0.142931
44 3
0.494928 0.127109 0.211434 0.166529
0.799341 0.112442 0.005104 0.083113
0.127466 0.129244 0.681006 0.062284
49 4
0.217886 0.025498 0.312037 0.444579
0.210442 0.075339 0.380131 0.334088
0.441525 0.448124 0.065711 0.04464
0.428204 0.122503 0.093476 0.355817
799 5
0.278391 0.301498 0.1148 0.305311
0.433988 0.312526 0.140042 0.113444
0.507239 0.012874 0.415641 0.064246
0.635069 0.039539 0.226182 0.09921
0.416018 0.313582 0.0307 0.2397
4 1
0.644004 0.008209 0.277458 0.070329
348 3
0.155317 0.025677 0.009964 0.809042
0.685457 0.106565 0.137461 0.070517
0.007184 0.116004 0.63087 0.245942
4 1
0.655551 0.112391 0.157458 0.0746
1000 6
0.52663 0.069608 0.292631 0.111131
0.041853 0.301211 0.021021 0.635915
0.007049 0.081465 0.808906 0.10258
0.424446 0.316826 0.156403 0.102325
0.463799 0.048221 0.245142 0.242838
0.580215 0.287552 0.046255 0.085978
74 1
0.130546 0.190101 0.420231 0.259122
3 1
0.084555 0.284701 0.075555 0.555189
409 6
0.310955 0.27182 0.096554 0.320671
0.20399 0.177576 0.089321 0.529113
0.107457 0.558181 0.204343 0.130019
0.321476 0.23236 0.047388 0.398776
0.546553 0.247957 0.183759 0.021731
0.279648 0.362697 0.154016 0.203639
3 1
0.290784 0.007776 0.231366 0.470074
40 4
0.471434 0.206744 0.293706 0.028116
0.238005 0.232362 0.001906 0.527727
0.703927 0.159257 0.015985 0.120831
0.116282 0.040547 0.216028 0.627143
102 4
0.716604 0.102031 0.030788 0.150577
0.595409 0.091226 0.159813 0.153552
0.486633 0.03545 0.207764 0.270153
0.163554 0.251276 0.080022 0.505148
10 2
0.095764 0.372861 0.120571 0.410804
0.22145 0.143956 0.403412 0.231182
381 5
0.157069 0.471741 0.068221 0.302969
0.241894 0.139533 0.408938 0.209635
0.195593 0.354057 0.331742 0.118608
0.061608 0.415107 0.21798 0.305305
0.258018 0.347946 0.060222 0.333814
1 2
0.378858 0.025546 0.445982 0.149614
0.146048 0.699685 0.027414 0.126853
5 2
0.130699 0.224735 0.10546 0.539106
0.168255 0.475491 0.253454 0.1028
46 3
0.394938 0.386231 0.129223 0.089608
0.055249 0.388875 0.210663 0.345213
0.193154 0.220159 0.41731 0.169377
10 2
0.184236 0.049793 0.611653 0.154318
0.102098 0.027667 0.05699 0.813245
157 4
0.295077 0.512118 0.092417 0.100388
0.458294 0.368121 0.115755 0.05783
0.024958 0.929759 0.043532 0.001751
0.065924 0.353116 0.490202 0.090758
273 5
0.11905 0.003874 0.837143 0.039933
0.396514 0.283989 0.029325 0.290172
0.078609 0.114201 0.339503 0.467687
0.692452 0.088042 0.102338 0.117168
0.130601 0.002215 0.322928 0.544256
369 1
0.021806 0.187785 0.314923 0.475486
12 2
0.28752 0.36854 0.044502 0.299438
0.072337 0.388594 0.473252 0.065817
810 5
0.342388 0.021107 0.118123 0.518382
0.234559 0.017254 0.666711 0.081476
0.026627 0.414012 0.478595 0.080766
0.349792 0.245173 0.077143 0.327892
0.648949 0.039351 0.141038 0.170662
56 3
0.06554 0.499617 0.319596 0.115247
0.015979 0.285505 0.25557 0.442946
0.095456 0.558217 0.145142 0.201185
67 4
0.11873 0.551706 0.113057 0.216507
0.0989 0.267115 0.484112 0.149873
0.284556 0.375064 0.263917 0.076463
0.117174 0.140905 0.515283 0.226638
1 1
0.358904 0.262717 0.062401 0.315978
227 5
0.168201 0.278017 0.313646 0.240136
0.046134 0.233603 0.394908 0.325355
0.032308 0.225238 0.327884 0.41457
0.104536 0.265758 0.60442 0.025286
0.434018 0.465282 0.024244 0.076456
794 5
0.356041 0.213457 0.304302 0.1262
0.183827 0.056207 0.027406 0.73256
0.353462 0.371011 0.037961 0.237566
0.099191 0.066876 0.72592 0.108013
0.096988 0.070833 0.358614 0.473565
3 1
0.046675 0.292476 0.494698 0.166151
55 3
0.345147 0.259158 0.296582 0.099113
0.036328 0.384092 0.401276 0.178304
0.038287 0.020893 0.66728 0.27354
1000 6
0.260106 0.397725 0.067967 0.274202
0.315227 0.328416 0.304902 0.051455
0.1928 0.267687 0.151216 0.388297
0.021987 0.372171 0.603265 0.002577
0.346124 0.180812 0.044963 0.428101
0.905548 0.00414 0.027907 0.062405
14 3
0.564787 0.1811 0.176935 0.077178
0.328813 0.418496 0.239486 0.013205
0.118928 0.26374 0.590716 0.026616
176 4
0.078493 0.458858 0.041939 0.42071
0.591067 0.387188 0.00311 0.018635
0.138227 0.375707 0.131147 0.354919
0.402383 0.181884 0.267566 0.148167
1000 6
0.193534 0.021975 0.637622 0.146869
0.212319 0.168314 0.104022 0.515345
0.51939 0.072351 0.078488 0.329771
0.15007 0.37949 0.162999 0.307441
0.252472 0.203925 0.349497 0.194106
0.199705 0.705451 0.067577 0.027267
293 1
0.644191 0.119664 0.150809 0.085336
277 5
0.310764 0.09972 0.507687 0.081829
0.022673 0.550448 0.076786 0.350093
0.202413 0.262446 0.308053 0.227088
0.455917 0.278613 0.034544 0.230926
0.020683 0.503995 0.383095 0.092227
681 5
0.289777 0.193914 0.224083 0.292226
0.207097 0.156838 0.322175 0.31389
0.631586 0.006588 0.021546 0.34028
0.208969 0.236596 0.120473 0.433962
0.33838 0.031462 0.044013 0.586145
362 5
0.330658 0.568795 0.083639 0.016908
0.183641 0.738302 0.068965 0.009092
0.157072 0.323002 0.217215 0.302711
0.012529 0.001012 0.59969 0.386769
0.043601 0.014911 0.082246 0.859242
1000 6
0.053311 0.778617 0.03977 0.128302
0.361223 0.252719 0.187654 0.198404
0.050212 0.173833 0.525909 0.250046
0.157401 0.489003 0.341139 0.012457
0.39387 0.110053 0.292737 0.20334
0.245247 0.265758 0.339287 0.149708
16 2
0.180048 0.053747 0.228335 0.53787
0.00991 0.435531 0.189988 0.364571
866 5
0.249948 0.155333 0.088925 0.505794
0.360941 0.076297 0.360418 0.202344
0.387922 0.05048 0.149962 0.411636
0.228302 0.189992 0.385831 0.195875
0.513402 0.412263 0.058643 0.015692
643 5
0.247795 0.249194 0.23393 0.269081
0.077924 0.370255 0.073504 0.478317
0.255964 0.235137 0.449654 0.059245
0.041996 0.101831 0.704992 0.151181
0.759074 0.072014 0.004427 0.164485
65 4
0.118213 0.163791 0.108308 0.609688
0.019165 0.060495 0.010969 0.909371
0.149804 0.236381 0.389261 0.224554
0.038417 0.119854 0.414834 0.426895
728 5
0.526276 0.145609 0.303814 0.024301
0.041586 0.480106 0.434081 0.044227
0.15666 0.652567 0.004493 0.18628
0.429811 0.459379 0.06769 0.04312
0.083071 0.054703 0.845061 0.017165
16 2
0.395807 0.093842 0.235269 0.275082
0.098106 0.19146 0.306097 0.404337
1 1
0.161001 0.122175 0.235932 0.480892
1 1
0.076275 0.112926 0.554946 0.255853
1000 6
0.082799 0.476997 0.253502 0.186702
0.201604 0.299595 0.439441 0.05936
0.67627 0.005364 0.064485 0.253881
0.155198 0.744964 0.001457 0.098381
0.514125 0.414498 0.038601 0.032776
0.242309 0.116142 0.033795 0.607754
649 5
0.217826 0.002123 0.238721 0.54133
0.159389 0.174276 0.344793 0.321542
0.476485 0.012478 0.066957 0.44408
0.46958 0.179406 0.007632 0.343382
0.272333 0.075413 0.079987 0.572267
33 3
0.012754 0.118846 0.125786 0.742614
0.294166 0.022725 0.266247 0.416862
0.174142 0.114062 0.0192 0.692596
312 3
0.378036 0.05223 0.337284 0.23245
0.164808 0.357883 0.123843 0.353466
0.277559 0.64502 0.023415 0.054006
1000 6
0.196235 0.412226 0.150509 0.24103
0.159805 0.030688 0.197596 0.611911
0.123365 0.030049 0.234244 0.612342
0.383987 0.177086 0.173698 0.265229
0.013646 0.346566 0.442829 0.196959
0.058021 0.128338 0.31761 0.496031
863 1
0.141553 0.528487 0.067718 0.262242
827 4
0.13777 0.333612 0.483765 0.044853
0.283523 0.090945 0.592465 0.033067
0.623314 0.089605 0.036803 0.250278
0.45172 0.146883 0.009977 0.39142
11 2
0.057699 0.482916 0.054401 0.404984
0.438153 0.196122 0.321557 0.044168
4 2
0.415445 0.236858 0.121657 0.22604
0.123489 0.311593 0.426921 0.137997
1 1
0.198296 0.389907 0.000119 0.411678
3 1
0.062116 0.221675 0.611474 0.104735
437 3
0.247958 0.084965 0.580771 0.086306
0.13783 0.466652 0.372422 0.023096
0.250923 0.073048 0.341319 0.33471
1000 6
0.528867 0.169804 0.076296 0.225033
0.184316 0.063889 0.397059 0.354736
0.002033 0.835582 0.112928 0.049457
0.239808 0.388396 0.021727 0.350069
0.237533 0.196713 0.52545 0.040304
0.476501 0.035881 0.32157 0.166048
